t = 1111
b = 30 30 30
E = -0.889638287704899 -1.19562312826546 0.305984840560561
-87.71980923968 -26.4903246577132 -74.8278651741293 -0.999588007092526 0.0142835919119623 0.0248956839410216 0.0275372572966059 0.232647894577281 0.972171104594938 -0.101337718710225 0.0776029656787379 0.130598908110979 -0.101274700563354 -0.123612724973265 -0.427807865900269
-87.8955994606409 -26.8087089944705 -75.1733028263703 -0.817056434388824 0.573905568776418 -0.055237497691676 0.0296447705420413 0.13749615515748 0.99005858154779 0.182440442814433 -0.0699029515563237 0.338544825101138 0.257708372323515 0.776999039178451 -0.254359119277451
-88.2555907687241 -27.1006270983987 -75.4524328342612 -0.0780840186597383 0.957569955050581 -0.277421461344238 0.192663072069674 0.287519342050911 0.938196977509144 0.373100883678867 -0.125974306496142 0.390115544127636 0.21690146815171 0.284373578194242 0.394902588572757
-88.5059706748566 -27.0847278404758 -76.0152304210095 0.36333534933988 0.926910327033265 -0.0939397123646368 0.225485093856999 0.0103446709649213 0.974191695833488 0.577632957160345 0.0280370168595371 0.0751898883438267 -0.461366277175062 0.248095632542417 -0.0510834827458419
-88.8185938799751 -26.824852884103 -76.3656707592084 0.847956929160996 0.514581913565824 -0.127179009741324 0.138542217708418 0.0164354467185904 0.990220142192429 -0.220639540236887 0.229110455942758 -0.131204432834428 0.678100266977735 -0.0422421537419011 0.413949260895762
-88.9048415022362 -26.6463305185461 -76.9077155854902 0.978109506151232 0.143207240289629 0.150975098295128 -0.149356189125133 -0.022050877955241 0.988537549894498 -0.0301376105502561 0.203450019181107 -0.271290995493285 0.237825127530175 -0.127338041604252 -0.0734086858938618
-88.7549062935808 -26.4444368950695 -77.3514022628195 0.847474159906031 -0.454460792380542 0.274322686776759 -0.295640225621757 0.0251333476757218 0.954968675836502 -0.0481363904137501 -0.35147657651908 0.0487623928643519 -0.173214047596842 0.218071242732918 -0.246604061227257
-88.426661995272 -26.3407545913914 -77.8256337630184 0.474375564327058 -0.80094810479352 0.365308030841181 -0.328171853249006 0.22416281441134 0.917635149375993 -0.15814733960955 0.217189752475337 -0.0202426006698261 0.202746642576791 0.17268201369775 0.0464256553101322
-88.0192186987842 -26.4416487338951 -78.1662874627277 -0.199287143789761 -0.921077213995427 0.334516666518346 -0.365079799959053 0.38657475668533 0.846921895546182 0.554089737746484 -0.479467446794531 -0.552319406867858 -0.196033094024038 -0.12597073924822 0.0362766188177102
-87.6777488367029 -26.7312274759087 -78.4111248574238 -0.65982387789025 -0.74643924492053 0.0863765234790902 -0.341360022697102 0.400166794755942 0.850493898437252 -0.0622855947826015 0.0592482859733839 -0.00921083675467346 -0.21372295779242 0.151230680470295 -0.0448801419340258
-87.4303983430273 -27.0497553313283 -78.7303584240612 -0.951527478612531 -0.304552379265489 -0.0429337364902105 -0.138397441869634 0.29931390726124 0.944064263174892 -0.444749864420419 -0.300084905341899 -0.502444365193799 0.0245694468629791 -0.133487912647449 -0.632746256160737
-87.4920226325932 -27.516536119242 -79.0388765987782 -0.920317772500205 0.361500303668944 -0.149441386729112 -0.0030256955520345 0.375445314180136 0.926839609224058 0.149634828172356 -0.44058540790095 0.23689220313091 0.566804434004942 -0.329014654339518 -0.138645441214772
-87.7058784434763 -27.893718461915 -79.3393618362824 -0.40418436571598 0.865263830071967 -0.296569558248915 -0.00602687415544022 0.321707638241473 0.946819873199229 -0.266023863986873 -0.545088171390685 -0.137732661586504 -0.0745887884109287 0.0816804753425792 -0.15853796783556
-87.9932858108038 -28.032464546006 -79.7126817739721 0.381789440344184 0.877528349959257 -0.290139308366617 0.000965300360234365 0.313540112181106 0.949574465878624 -0.427009333042861 -0.0172628918478871 -0.0539679063706778 0.200480982496887 0.175615657023199 0.735531770817018
-88.0703248556863 -28.1315517438735 -80.2565552801238 0.627685300929448 0.77770834773971 0.0343640633959682 -0.189922879386889 0.110177950387535 0.975597314025511 -0.170547882941845 0.324623715181127 -0.0352341825144061 0.511830969946292 -0.428617401197834 0.207280530494845
-88.0923003945471 -27.9305719483162 -80.7610409588532 0.942293905871175 0.263372080831688 0.206681740839472 -0.211709670468863 -0.00947171394822049 0.977286704127733 0.620612665447881 0.22614984154675 -0.195979270996418 -0.315868619338299 0.0701997909342823 -0.155816223357062
-87.8643736629921 -27.7719196481372 -81.3225976648064 0.892851437214286 -0.0835401621460069 0.442535142528824 -0.437740376931088 0.0699265152224682 0.896378070276749 -0.141224977916119 0.402555773371398 0.388951182441321 0.119199281644463 -0.632158584889332 -0.211913296744133
-87.6137966843262 -27.565705759021 -81.6636368996256 0.619656302093477 -0.704130570168524 0.346736510090858 -0.39056835383349 0.106560851067912 0.91438566590005 -0.543032239376749 0.261233726346204 0.27421391793667 0.0827759604119748 -0.052896354001615 -0.122127274423554
-87.3276659151755 -27.644564667979 -82.0624375070456 0.267971447218917 -0.846890550545776 0.459312201962532 -0.158471825812972 0.431508355584513 0.888080637940188 -0.167147677908498 0.46635287713235 0.0620345792929787 0.215753498251135 0.354680203341274 -0.299051361883911
-86.8177462067932 -27.7835652104807 -82.2255849567324 -0.406489755579932 -0.897887023914367 0.169011747801066 -0.340333247036696 0.320474236297817 0.884007661070191 -0.0184692630818386 0.0271462921590918 -0.405260708001765 0.129269013308716 -0.151747030091633 -0.00552884167911031
-87.2992695992686 -31.4021026837866 -84.2720736862665 0.716591456567169 -0.215545765532232 0.663352626689653 -0.511160858575618 -0.809371351767876 0.289193000602849 -0.0881468757655229 -0.32415651604979 -0.234521829265386 0.432831819110028 -0.168363370663399 -0.361837579205808
-87.1499509657454 -30.9559566466921 -84.1311309033922 0.847034946055745 -0.49813221044453 0.185461858822729 -0.531274029423827 -0.804387521878246 0.265910925511429 0.354232995219502 -0.479119430901116 0.254629363168855 0.239981393982161 0.270672378090032 -0.506213210907608
-87.5022811503307 -30.3197309769128 -83.4480911608899 -0.976379042393274 -0.13628250370373 0.16766348666133 -0.113763169658722 -0.335454451333435 -0.935162152949842 -0.00883314829316756 -0.20503820886365 -0.141484307186558 -0.360300009995747 0.481025990818867 -0.0255008940043884
-87.7626878675331 -30.0793376176814 -82.9735520597275 -0.650421600200735 -0.743545215948074 0.155216796233667 0.192212979656038 -0.358814829886348 -0.913403573621964 0.0974390976450992 -0.351442449555629 0.0777939669395658 0.0138418703681257 -0.604945115220969 -0.425630052068647
-87.4158788307617 -28.6152893959748 -82.9564354457736 0.985808692905379 -0.159333671094151 -0.0528583224085245 -0.0399727678748569 0.0830204478687554 -0.995745842604474 -0.202116176375061 -0.203842716922924 -0.0629187641940774 -0.207974890876571 0.369093420876195 0.101702860008048
-87.54876137545 -28.7036778352672 -82.3678800355968 0.950590682402323 0.214310395866729 -0.224607232192834 -0.178102885550979 -0.216119635696898 -0.959985242191073 0.423024443292514 -0.000625246832222708 0.187060636703975 -0.0161914701664792 -0.431515527611049 0.125083864542735
-87.3108097033756 -28.8374311280955 -81.9337968395866 0.532936559395744 0.78331424569985 -0.31999596269813 -0.140146982130385 -0.29123941605528 -0.946328920584976 -0.160558526977101 0.14691308155884 -0.410627872365244 -0.552393676433481 0.516111955648298 0.107754390773678
-87.0443814088949 -28.6802881024165 -81.5205916745557 -0.181761147281315 0.880759730412842 -0.437293016891514 -0.0663870814666741 -0.454676807368843 -0.888178898789657 0.0947626473549857 -0.0496408664791173 -0.0217711108488389 0.072599467692441 -0.0139985803233687 -0.214209638657134
-86.8015407535321 -28.389231737939 -81.1803319950358 -0.722977795902152 0.607615751310259 -0.328795081155619 0.144071282972575 -0.332852546781003 -0.931908068171983 0.491776258527166 -0.462125430041512 -0.14109825380017 0.484377897481496 0.102781490751953 -0.256995884945453
-86.8708771303887 -28.0615761156219 -80.761447227317 -0.800640590370574 0.358120737223788 -0.48033757152793 0.379156452528183 -0.317907427931774 -0.869008200060302 -0.35495928299987 -0.196442982202672 0.365727512985577 -0.185148425220146 -0.0758636583779411 -0.0119573110966231
-87.0268010957483 -27.5606495991325 -80.4503998585679 -0.900257359211149 -0.24287114292414 -0.361317443698605 0.42861959278062 -0.348993620223232 -0.833359884880509 0.129894474346109 -0.255728408082072 -0.123375761472537 -0.0830483917886927 0.581588495713214 -0.392000115534493
-87.3407853707826 -27.1527923120604 -80.2527001020628 -0.649956877665121 -0.759874878525681 0.0120924009771391 0.436738512909948 -0.386490280983021 -0.812332896075785 0.280397555727106 -0.287271917194367 -0.128461292931915 -0.358737180000794 0.164048153550336 0.325512213103769
-87.7732951018722 -26.9394605712101 -80.047883656113 -0.0278601701093297 -0.947656214713859 0.318074691913212 0.450597154263213 -0.29594199306254 -0.842247316001701 -0.0273556389243278 0.371476005704611 -0.243047679224111 -0.633095603689434 0.0228696000295533 -0.205706191929915
-88.1684435476949 -26.879213431448 -79.6908675736683 0.44413841115837 -0.848486039596239 0.287771632278108 0.378410862346217 -0.113491235061804 -0.918653884127499 0.364631763599625 0.536005769164646 0.0872660735640166 -0.107728618946214 -0.11787735876702 0.0860285470610633
-88.5343915594022 -27.1289805160461 -79.2788171404392 0.901617400667291 -0.331778647138997 0.277504940706603 0.213818535455231 -0.215824053799019 -0.952733756984364 -0.170668765315791 0.0740478438315525 -0.158921205506916 1.03979650202684 -0.496196753120874 -0.0496609957338925
-88.6105689580559 -27.3994766574291 -78.7502915471184 0.972603351359469 0.232285236088091 -0.00928924215590791 0.0166960518354665 -0.109652089922853 -0.993829794798216 -0.271987593379536 -0.395838830177598 -0.376316639590989 -0.0321169214864093 0.586365802623341 -0.350479533563335
-88.493990138677 -27.5864223103409 -78.2744684099377 0.699483881688344 0.704107210882592 -0.122292006449083 0.0176495571519438 -0.188089964552376 -0.981993206884359 0.463202720411239 0.693735012341901 -0.106114451805363 -0.289192208621627 0.133066525955214 0.0680990594997603
-88.3127313852946 -27.5072111201913 -77.7453118660909 0.324804240991708 0.855027539148775 -0.404264903659702 -0.0635289431215258 -0.406750924462305 -0.911327470690377 0.0227875039393752 0.438283951321174 0.0470496382032 -0.139948446338788 -0.0928695791176138 0.115442777283106
-87.948381394752 -27.3599572791561 -77.4291978800545 -0.374643090617928 0.89307161277455 -0.249129783664075 -0.049254065169683 -0.287490258052542 -0.956516277221218 -0.401869577150287 -0.0259690819519792 -0.0472347094767528 -0.00835914101783611 0.255893475573603 0.0416591978179189
-87.7383139787088 -26.985284517867 -77.0961115190463 -0.853768938055885 0.485489095844879 -0.188092897863387 0.064686351916474 -0.259555699838449 -0.963559294780093 0.209800617986674 -0.00981032621299426 -0.136374318122418 -0.0627661028705988 0.140922624521002 0.116459964469258
-87.7235766953729 -26.48011621499 -76.8098375668729 -0.996741413963694 0.00927753857129108 -0.0801279038020555 0.0720795972115478 -0.343469403122009 -0.936393774426565 0.00773002721639119 -0.00763651250600452 0.118705862494976 -0.506072893838657 -0.434412803864817 -0.219461315194286
-87.7804287401509 -26.1310293210515 -76.4461393842471 -0.852551749885383 -0.519168915039921 -0.0601593835044853 0.183253082168835 -0.189142806020356 -0.964698557481231 -0.436318243854525 -0.00548556424810081 0.0523916398581494 0.29271153694071 0.330268687543649 0.0893052852472686
-88.0562770310453 -25.9606817939227 -76.0181542046261 -0.46653234675487 -0.883976838406304 -0.0305371673963606 0.094642701900799 -0.0155631923817344 -0.995389645324789 -0.108552469579609 0.401277114628507 -0.156009562441031 -0.0492047281370962 -0.177362530684059 -0.3223578291132
-88.4613196993518 -25.9441334569363 -75.6844470635289 0.304449865713194 -0.941551294862307 0.144192365991878 0.275634820796141 -0.0578181627611015 -0.959522019351097 -0.462067696495298 0.158129871557386 -0.305888671132847 0.259964152378619 0.00301037244370368 0.026651373097417
-88.7982923211122 -26.0647976920054 -75.2637908802095 0.790274756676889 -0.602014981022041 0.114209332299569 0.161778970777257 0.0252182911693154 -0.986504740183623 -0.440355227643244 -0.177659999261429 0.220658050295604 -0.16403566515002 0.237161157401719 -0.410871655984643
-88.8765405784427 -26.3400193971346 -74.8560900131691 0.985924280525104 0.143971688930719 0.0850027402940155 0.0669272707712013 0.126048528302928 -0.989763865242508 -0.386836263283284 -0.386699733553071 0.0772916016510472 0.296978423248676 0.122055051763391 0.195056618557569
34.7004715868787 -155.417567698123 -81.1984032955805 -0.57901293027871 -0.633273264053755 0.513526045692686 -0.636665907037918 0.744639050953893 0.200422570111422 -0.360546413389053 0.260540868726136 -0.391660825672779 0.236767194146016 0.375485736608649 0.159306275962642
35.0058901201815 -155.770053040322 -81.11539732572 -0.811252619168001 -0.582520356991388 -0.0503906894543087 -0.546278965304443 0.724406030245005 0.420493989743703 0.0451228490392426 0.180510787637069 0.173826155008623 0.5884422774659 0.0242179171153441 -0.052929794514032
35.2616145260596 -156.227290786102 -80.9788258036552 -0.545532422961968 0.00413283857783337 -0.838079527934273 -0.672469422881964 0.594642881822155 0.440663951767149 0.613210532204103 0.33016423542385 -0.0529212364197793 -0.275661919468633 0.484925549184341 0.101413219289683
35.4350493174603 -156.672566443139 -81.2131121373699 -0.16111232447726 0.673992884492502 -0.720955207037867 -0.761394947719274 0.379905955613929 0.525308669713947 -0.0708867685240265 0.311872881605293 -0.327898646539014 -0.0659985837799178 0.504209225678916 0.165697523757271
35.5736669473137 -157.080018460613 -81.6223066686777 0.130072041116612 0.975798850410771 -0.175777892969458 -0.63578674484657 0.218123487888081 0.740403511005276 1.11228423953923 0.693093057775825 -0.360706289337888 0.419498838389581 0.5648450814278 0.216832993620648
35.923976493594 -157.091738816991 -82.0180837878043 -0.124680732565917 0.99207566705103 -0.0155108275756957 -0.566701574700726 -0.0583717068291084 0.821852826893947 -0.143578532545195 0.245050708014613 0.0983744121036852 0.142604519740715 0.280413189462728 0.489677425533628
36.0074494210669 -157.010499604626 -82.4854681809111 0.248518046977125 0.889493671472522 0.383457675287648 -0.610708463183865 -0.163392535975557 0.774814850259772 -0.0452556737107784 0.104107189098349 0.308822101310899 -0.269916125623238 -0.538749290656168 -0.0953806381567653
36.7732087026105 -156.933888428693 -83.3693388457251 0.829364807482508 0.481237480674543 0.283838868556644 0.315489259623268 -0.822667243310149 0.472953627586088 -0.324255134617096 0.245379057712785 -0.381441059906493 -0.272103241514343 -0.2624111093653 0.222496126523243
36.6066790399063 -156.473571744929 -83.3504348731052 0.91597519960014 0.176422608124138 -0.360367169786819 0.329381595022344 -0.843508385424422 0.424265681594941 0.104738186024967 -0.399553504859227 0.510808590649294 0.176061797128035 -0.102411502822319 0.169747580673965
36.7957957618031 -156.008950261044 -83.2393610735081 0.610030818342431 -0.108765041757297 -0.784877421234679 0.173918713760172 -0.948001078089807 0.266544999849132 -0.337187608444654 0.110863756888025 0.261835004821036 0.0260109994121604 0.323983735497334 -0.191407943825826
36.4684244849756 -155.220835634338 -83.7445802827556 -0.507229288144253 0.55449762671887 -0.659735425160583 0.399662571763989 0.829574483103708 0.389969236881843 -0.413894767739764 -0.0744796818555528 0.346161182667716 -0.61922442767869 0.561988059468629 -0.769134620769468
36.0269949206315 -155.409713544399 -83.8518950142621 0.171295666903092 0.278564642797962 -0.945018271930797 0.37802405508541 0.86719506010394 0.324145864554997 0.268261436659751 -0.196069132472575 -0.00284689995067031 -0.189466120742479 -0.220044735644145 0.647507138088821
35.6285318774659 -155.541746619176 -84.1241094756382 0.905351530905733 -0.216660187969388 -0.365235497228444 0.338608364104709 0.887354862429859 0.312962815491578 0.296729078630434 0.433866809996862 -0.306219340224656 -0.218760078269433 0.402635877485626 0.267746657198355
34.8492206097145 -154.45777788955 -83.7479798157253 -0.860045026087283 0.458989017775304 0.222826467602453 -0.362733854453955 -0.857177538745322 0.365610199397517 0.0241196504069095 0.222538145940886 -0.328749711155462 -0.0490853175944809 -0.189065596119983 0.00454922052211298
34.7856286127327 -154.106735112043 -84.0771072281691 -0.308296335645376 0.572425595315984 0.75979096286727 -0.444264638294948 -0.792883562761099 0.417090622124168 0.184029095559053 -0.313518071801597 0.287775962276578 -0.261956079296844 0.0596723061068716 0.696813991364263
34.8433116333724 -153.680318410611 -84.3292162686085 0.463473208687176 0.126282692002021 0.877066284000209 -0.471959564498988 -0.802536138970169 0.364951935362429 0.0636772301253156 0.770310857798937 -0.262165919801302 0.0461011047536065 -0.551166143284771 -0.00818096441032621
34.8161390007048 -153.229095298162 -84.2912743588135 0.926962605908626 -0.362654201594831 0.0960325846403702 -0.3743033492228 -0.876820541023844 0.301799174285245 -0.810996736559878 -0.465406479059699 0.5114769487334 0.708806454199353 0.0128503049436394 -0.321118952256879
34.0669264211488 -151.99513726571 -84.3497101209585 0.23254122311574 0.695771378510077 -0.679578375463806 -0.065234011118272 -0.686001640540582 -0.724669768217945 0.189909837620176 -0.335956592343772 -0.236638254519248 0.126153805165763 0.266153665013359 -0.387212539934435
34.0393852037518 -151.569930038877 -84.0484716325869 0.337762434712882 0.391922311272828 -0.855753141754904 0.104645726090617 -0.91918452914375 -0.379669689853895 -0.158246059188109 0.143270068427873 -0.191900396396915 0.583692558715938 0.526770343074999 -0.0457192970097173
34.3426108646825 -151.113206678548 -83.9158137055084 -0.634348916136342 0.190515204734393 -0.749203182962844 0.011427931913413 -0.96673925165785 -0.255508554996111 -0.511978428744759 -0.200599096670262 -0.0812475791010469 0.0525565181024462 0.364973974953044 -0.0773738433535527
34.4696761081275 -150.623566875921 -84.04876484552 -0.995532997798843 -0.0488245625135555 0.0808097295442866 0.0263436413043742 -0.965559953501544 -0.258843560392999 -0.781373443441283 -0.132646070032045 0.165006462092072 0.220226629375565 0.360063809201175 0.0738147419354045
34.3179891095052 -150.116946286876 -84.1243523691876 -0.752507637482588 -0.309152558842162 0.581512640354206 0.202932262738752 -0.948857886193374 -0.241841287931506 0.0178521855772851 0.462785247999087 0.08187854484945 0.191065610941111 0.231704374675318 0.176806481125005
33.9016226435065 -149.674559160068 -84.2390066118988 -0.0572154993953259 -0.254619177444361 0.965347326668751 0.310828315948685 -0.923417049195306 -0.225137094366835 0.445455877283617 0.0323816809927108 -0.203471061427897 0.0854088530010231 -0.663103712026788 0.0874487605574478
33.5448674269983 -150.566695669183 -84.448514285549 0.990438959892666 -0.103284600234334 -0.0914492103911487 0.123394532181229 0.959688611882565 0.252530310360339 0.495470013804792 0.684786403617003 0.22252413473071 -0.116369882676226 0.380406250730607 -0.569490275986839
33.5815836340318 -150.91279277648 -84.80762256897 0.662972801398071 -0.168666063750387 0.729396204778544 -0.127708041412694 0.934530556701943 0.332179612181246 -0.167857345638117 0.343803721530529 0.7415082026543 -0.0205393305563948 0.00876130446225227 -0.771525514587721
34.3181759343174 -151.084744635697 -85.4047492105363 0.888798169160225 -0.0622743101413487 -0.454048152505708 -0.251077114919217 -0.894984101001418 -0.368732614937331 0.0372910273024321 -0.0713866319319772 0.273286151425381 -0.497709006662104 0.013062518935124 -0.0897000777386433
