t = 238
b = 20 20 20
E = -0.464630322819012 -0.464630322819012 0
3238.11475028933 3718.44439215565 -27.6343892374213 -0.0651199649991786 0.775477829604626 0.628007584309468 -0.583324158124998 -0.540198625072086 0.60656275192103 0 0 0 0 0 0
3238.57191865607 3717.09680649182 -27.9188294605807 0.456825979741079 -0.846975664430829 0.271923239344449 0.79296422248996 0.526261319954328 0.307012646271887 0 0 0 0 0 0
3238.95771867137 3717.22693966935 -27.5712382214697 0.442516123839103 -0.730431278891484 -0.520239970551483 0.841391436641005 0.538875616913377 -0.0409086768729504 0 0 0 0 0 0
3239.44943762788 3717.33602843448 -27.327262451146 0.0171546989925176 -0.21566818677238 -0.976316009044605 0.808626299740894 0.577306146674723 -0.11331866738994 0 0 0 0 0 0
3239.93967330643 3717.3683173403 -27.5434889190043 -0.564054950386003 0.394198575240801 -0.725568395275839 0.743355116240594 0.625000728036336 -0.238321759629765 0 0 0 0 0 0
3240.01756290547 3717.07428236896 -26.7740120535181 -0.321253315907866 -0.812168683215029 -0.487009586171445 0.945985872668104 -0.298937982335884 -0.125486299767451 0 0 0 0 0 0
3240.14376186436 3718.20686606107 -27.1958535283035 -0.452473379533656 0.633967965844015 -0.627178171731922 0.821202534286311 0.0220001657819849 -0.570212583504827 0 0 0 0 0 0
3240.67006095914 3717.37700899729 -26.7142784994133 -0.446591500656677 -0.808907475367916 -0.382393420229884 -0.88317488240456 0.330045573715585 0.333274731056025 0 0 0 0 0 0
-182.92095839895 7855.99574733032 -4329.02035297349 -0.503448736729017 0.862190159807604 -0.0562805278661276 -0.378508469028138 -0.161525643209001 0.911394977745547 0 0 0 0 0 0
-182.066464010658 7856.40079508273 -4329.12726946049 0.966833588154763 0.23675757872546 -0.095805332481074 0.174281315646022 -0.337353856856604 0.925104533704534 0 0 0 0 0 0
-181.640380882894 7856.06253326827 -4328.89127709375 0.441255518619591 0.74549116416528 0.499536276399728 0.0868970497696993 -0.589540206186821 0.80305121133747 0 0 0 0 0 0
-181.204528907528 7855.81889606595 -4328.73319779016 -0.330205612476074 0.704122069917027 0.628630546621098 0.101126163905127 -0.635763464224287 0.765230890993945 0 0 0 0 0 0
-180.57779899409 7855.53786354539 -4328.90201744169 -0.0425735302669569 0.459699620421334 -0.88705341073982 -0.814074445791545 0.498751246231669 0.297539898318752 0 0 0 0 0 0
-180.525831882925 7856.28497881148 -4328.1641588183 -0.408027469093779 0.706256821219686 0.578545492546272 -0.804137179732975 -0.578072115708236 0.138549721081391 0 0 0 0 0 0
-180.872606250167 7856.09171678391 -4327.78043648904 -0.506896615657123 0.858147365138874 -0.0814795725355397 -0.861736073367445 -0.506837603303356 0.0229474123802558 0 0 0 0 0 0
-181.734946039491 7855.40585142573 -4328.07709321392 -0.804452623095185 0.091808316085929 -0.586879212694373 0.108410469846709 0.994082217461031 0.00690760127332696 0 0 0 0 0 0
