t = 400000
b = 60 60 60
E = -1.07332168382011 -1.38240582499134 0.309084141171228
177.859043701929 -290.750333938246 -114.922615169948 0.950725406333467 0.0806284573953405 -0.299366641078306 -0.0881732041871938 -0.855401921935888 -0.510405016758814 -0.466398744818294 -0.054615576451033 0.296047624121319 -0.236037511142139 0.25473747093729 -0.261544456555931
176.338846381577 -290.551329894851 -114.796343472114 -0.947333931117448 -0.00658674507756762 -0.320179848537031 0.117269646691749 -0.937480455904109 -0.327686334135873 0.214619839415459 0.276198717982905 0.125333033036151 0.312176363078219 0.0863940734564165 0.324675384603575
176.423752524791 -291.00752595794 -114.526982260498 -0.597587015588958 0.145846065051765 -0.788427999086859 -0.204435513152971 -0.978533087353059 -0.0260609584338812 0.128946576805336 0.241765552285193 0.544825494190148 -0.286568534723445 -0.193110586767085 0.0480920867189791
176.157031300871 -291.323937700288 -114.215154409784 0.110867846929902 -0.295972910768307 -0.948740476558756 -0.479749490302669 -0.851972572772427 0.209722231132264 -0.203030285084106 0.293189960574464 0.0459891775336503 0.14576468332913 0.158545593125878 0.653945147522622
175.682491540884 -291.499228538341 -114.149533792788 0.575346154588322 -0.500174118323554 -0.647149658013265 -0.677491865427074 -0.734722429796072 -0.0344637549300406 0.137678557811529 0.0922896949190307 -0.118519524784469 -0.253062478022059 0.121434452098637 -0.882390157057522
175.122531185642 -291.639501141742 -114.298547779893 0.834939928116371 -0.539125068380306 -0.110542401129423 -0.549761681338012 -0.807846988675109 -0.2124747716026 -0.581830932791305 0.229650049544008 0.0155457180199733 -0.402519178712101 -0.0968200241233588 -0.356024350378146
174.818805271395 -291.77607247688 -114.735822329025 0.58865251496144 -0.642730875894188 0.490291087309746 -0.486932070840647 -0.76604758497257 -0.419605031696211 -0.584278955672264 0.171305866254139 -0.122959087797901 0.0851949314921119 -0.142522150140648 0.146361617864312
174.764935481055 -292.068048653502 -115.236597411766 0.170650562300218 -0.500913247887159 0.848507185728434 -0.293069592518727 -0.847969436334366 -0.441653989096408 0.036940937113828 -0.134269313506171 -0.390526426897938 0.116465259101283 0.0500549305455083 0.092630740814609
174.919494836456 -292.509525282598 -115.641684466735 -0.437505976416207 -0.185583773508172 0.879856416728532 -0.408300038010925 -0.830789094558911 -0.378260195835946 -0.155199207195302 -0.0568440662139944 0.398334665776751 -0.0194161755246328 -0.168346398160497 -0.259668046609483
175.117384191653 -293.028068612113 -115.717076308393 -0.830198612167593 -0.00365535451420762 0.557455888597131 -0.15003906981742 -0.961614303272139 -0.22975318985302 0.493421663003207 -0.00164556880682281 0.336533160104996 0.34500200856963 -0.114662085787915 -0.336623823967539
175.319698586914 -293.604661985962 -115.668940405686 -0.974207782756656 0.223004596728668 -0.0344718017140625 -0.217311535092237 -0.968334738767346 -0.122897336005855 0.160033288058088 -0.168329433239533 -0.0686140352159852 -0.217148811583722 0.557589233217687 0.329766765649491
175.423169102399 -294.078426432581 -115.427780262319 -0.885489954058457 0.202334030796104 -0.418292510865891 -0.314531499853725 -0.923623188971359 0.219066999501455 0.294835423437071 0.164053601092898 0.0840716555842139 -0.484220329218925 0.21269768980913 -0.157164270702355
175.202183830049 -294.477961263547 -115.013890331859 -0.540768138106225 0.0633532582041288 -0.838782642074908 -0.300685165101417 -0.94583473426473 0.1224146147352 -0.0360373667107059 -0.661118710224916 -0.282127638277283 0.241315048138904 -0.753153380441928 -0.294306568957124
174.91425800499 -294.740338566184 -114.719805210681 -0.095413172768749 -0.100553328634932 -0.990346091498838 -0.392741852760178 -0.910375299273036 0.130271640864859 0.0268851172289039 0.0111375389390752 -0.25458903931426 -0.289289018561234 0.155324077288277 -0.550351636522548
174.41271800191 -294.918772657428 -114.515076560437 0.517804250830465 -0.356604828194704 -0.777632244147121 -0.483481584987176 -0.871882550701268 0.0778885749025715 -0.0631779719206921 -0.351773795366851 -0.267015332949564 0.214716537125573 -0.240482819772048 -0.392515879283223
173.828590434772 -295.1667737563 -114.494766856693 0.770247756077706 -0.390506762242112 -0.504205309362879 -0.524778267554841 -0.837348857537081 -0.153149785004181 -0.419994803483541 -0.16608430823877 -0.0602041741019509 -0.340026599221039 -0.13296620149456 -0.222620230771202
173.299663233439 -295.369708014721 -114.772924151671 0.831429871544199 -0.541594535386678 0.124096306337939 -0.474805116625599 -0.808542175109628 -0.347591498605246 -0.0168411330611065 0.673163721979063 -0.365810174358888 -0.057106379212922 0.454877452921111 -0.202952835810564
173.048424867865 -295.531157811208 -115.256007240878 0.570419898887645 -0.648814339123785 0.503647930199222 -0.476779663726841 -0.760867944118532 -0.440183238665636 -0.151480408781125 0.259948094723806 0.189122678693202 0.00487075511326255 0.651743289181935 0.445978719010649
173.055134749435 -295.801152720146 -115.817534889593 0.0949115368305774 -0.500747139507631 0.860374506681439 -0.353345558290891 -0.824945745466834 -0.441148126409893 0.318426219689452 -0.0662861202665702 -0.0608745089285765 0.0698332436413437 -0.35351285743659 -0.065253438292929
173.141516534676 -296.17173257668 -116.135022222993 -0.53996439011298 -0.197920680320262 0.818086772632043 -0.305009857214975 -0.85988496989718 -0.409349524716583 0.414445583119495 0.136694602041282 -1.02307782013088 -0.418100586539243 -0.45739105565594 0.029977859419908
173.384245413779 -296.64664911294 -116.177529264457 -0.910117869598919 0.104629079841354 0.400921800092488 -0.183833194193719 -0.969111542655146 -0.164402675383707 -0.646975747007827 -0.790654846783953 -0.27951588150178 -0.748500951793409 0.216951143804835 -0.438060327642868
173.665188796811 -297.237307744572 -115.889236728173 -0.980173130221779 0.184046368671868 0.0734012594300915 -0.180535288936317 -0.982195354411827 0.0519562277534873 0.36207464918073 -0.0735846207425562 0.882737298473818 0.0139212984714316 0.386062779298746 0.281220377618545
173.770999825247 -297.573011536549 -115.497186864552 -0.901693013148239 0.0401981195186265 -0.430504264814208 -0.248664798795955 -0.862744024745043 0.440271152032543 -0.111349888584149 -0.289677112145434 0.592431149820816 0.0402929115715803 -0.142419424287766 -0.139423624152834
173.607705346049 -297.766284747198 -114.97650913347 -0.421642941580637 -0.206975952887094 -0.882824064603072 -0.273809744514765 -0.899090231194707 0.341562930746247 0.335848457693366 -0.338485210391845 -0.146244335516252 0.0199612741305738 0.532139096222287 -0.252369955848049
173.239205436136 -298.03604453703 -114.610886039578 0.152673219266599 -0.334803968428436 -0.929837279456503 -0.285187994604974 -0.915766917080477 0.282911647782559 -0.617708808706072 -0.158511429364699 -0.335093863354122 -0.0877025390781282 0.190980348485662 -0.359022354357398
172.68615762338 -298.313146830503 -114.439307044967 0.581424307794504 -0.352146071347691 -0.733443303030784 -0.532386505122743 -0.846356273056625 -0.0156814617517839 0.205831685948787 0.302787363501571 0.46557757935506 -0.0882227056627826 -0.356353872260289 0.17802555757456
172.173213495747 -298.453663206269 -114.631836163225 0.841382941968805 -0.475022046258952 -0.257738151145095 -0.533322904123455 -0.806938685000264 -0.253804699323516 0.140516044174124 0.0697146656085583 0.502235848825721 0.12621735335292 -0.259514199760121 -0.246845800399797
171.772552667956 -298.596557324164 -115.00833401657 0.760848000529306 -0.563544457152955 0.321757881875273 -0.31076994638119 -0.751697355140803 -0.58169866266158 -0.177649844296524 -0.204758322880497 0.563823971442932 0.128196394007597 -0.395581432580078 -0.837277418025889
171.763061480369 -298.754142675546 -115.601418513461 0.388374759665161 -0.59097555394954 0.707045349695118 -0.048849658652975 -0.779400021157031 -0.624619515502425 0.0929491939488459 0.387717959266615 -0.0664316509657091 -0.656847893425102 -0.0440569715862836 -0.343609698171667
171.973281766064 -298.963931208926 -116.048510443474 -0.395136318212333 -0.445975911584666 0.803102044772024 -0.108674357537874 -0.845412840454172 -0.522940900179749 0.368820974006306 0.304261097073141 -0.521099778476782 -0.00314189857496315 0.505915016373185 -0.285937683166005
172.311195560812 -299.32430205269 -116.159898486149 -0.824697702433585 -0.334146525670262 0.456311146472157 0.209463394537156 -0.92989053277263 -0.302371950703852 0.14564155330948 0.00345268815035027 0.41788876790872 0.255948665316333 -0.201055448115013 0.190306562026612
172.773655653182 -299.785143657849 -116.155325942542 -0.998403418915852 -0.0366827541867119 -0.0429544131197642 0.0520978226673244 -0.891874619055896 -0.449272445530396 0.168120436726258 0.350498169275867 0.136136511312784 0.310049539670622 0.0807254992194361 -0.378471340907786
172.915076257602 -300.303104941928 -115.98013314602 -0.884637118789012 0.205333766801797 -0.418635069004563 -0.132710284777099 -0.971562258071788 -0.19609936983864 -0.500941994744925 0.458761336206851 0.619140692784861 -0.14394210338475 -0.227472697656484 0.148338907066053
172.830372641165 -300.75354978383 -115.56293031295 -0.458201487615444 0.223281322769866 -0.860347023648101 -0.397132590960647 -0.917376461988935 -0.0265779443128967 1.01449045238826 0.282079478126924 -0.259862716462407 -0.176177256303098 0.066959181103112 -0.0467942878880324
173.481504382087 -301.228963103533 -114.942352493589 0.340241301639267 -0.783317658468731 0.520239892390588 0.847453395687499 0.495184694717759 0.191350591035904 -0.324844201561892 0.39748555994371 -0.182825576506308 0.283595668760129 -0.615661244045827 0.249378027537134
173.698919550228 -300.695946135933 -114.632284123663 0.463569453348898 -0.885729658562891 0.0242175144575899 0.853289612855429 0.453622015447351 0.257145877286739 -0.257958051685994 -0.0179525359374784 -0.285580007292509 0.264889037008364 0.0467569975433009 0.215021195032996
173.881198315943 -300.413509397478 -114.125024399668 0.516696354741267 -0.697122007792428 -0.497037170325824 0.85195158189397 0.361090234072231 0.379199755860178 -0.259790786607458 -0.481093595385811 0.626711012080224 0.114762046352895 -0.353958334566245 0.476118582248501
174.146401334114 -300.354046667276 -113.611678611985 0.484600698720121 -0.284984049389109 -0.827010457827259 0.852593654622033 0.365258073730643 0.37372534384648 0.203384953117963 0.275851522945093 0.0403766565450021 0.469962095471893 -0.122529926260468 0.0760512637818224
174.513623735364 -300.482218739594 -113.115772729393 0.27469358155494 0.113663656638581 -0.954790092934149 0.931225356906187 0.215892607189771 0.293615084663148 -0.168494104213066 -0.63135793126189 -0.128643280213134 -0.893529967068551 0.180977824758398 -0.195836624419969
174.947451871689 -300.770372400656 -112.901778400119 0.0825156657166718 0.7840264514121 -0.615218494828848 0.941948018327114 0.140246020022374 0.305065675907906 -0.922914806896653 -0.494184929253655 -0.112365778309823 0.0648456705910741 0.315337543437231 0.109219326622494
175.553446454878 -301.086895019896 -112.940427666081 -0.163578335307363 0.980415813372463 -0.109668232891235 0.919515738348466 0.191794293939424 0.343082747171416 0.349144470148246 0.12201086480071 0.160429750125544 -0.0300923854398562 -0.302028639726796 -0.477198956309545
176.140270019237 -301.111678628188 -113.094403556913 -0.451562003755435 0.826192552700146 0.336894272172668 0.891489471138889 0.433265595369166 0.132391639307748 0.0206728233388831 0.288551558770981 -0.407553373554426 0.153126513630035 -0.0616012520486231 0.478669822426454
176.545786735701 -300.915111007566 -113.354481489668 -0.391320478637306 0.432376252339736 0.812354092863193 0.844043560289368 0.520375211720294 0.129615499306701 0.0168851783391323 0.0647668105026642 0.547174075380986 0.229289700560375 -0.0983082276808684 0.0977741647133567
176.83525678467 -300.530777727279 -113.551763992498 -0.0231070519893051 -0.161514915998429 0.986599804697892 0.905037264782661 0.415857493478847 0.0892762432406462 -0.0209873621691203 0.35994322675671 0.119091313553405 0.0939218684819671 0.00376976690015548 0.36081947798216
178.37236496339 -239.705443024255 -112.983999259784 -0.298854070321227 0.42597937952019 0.853948468560755 -0.948501985732391 -0.231074322909867 -0.216676762996371 0.346496160699755 0.142501672478073 0.360069555953712 0.47732419847125 -0.319559458446308 -0.151028201823439
177.970626132022 -240.162178996905 -112.967289859999 -0.280721403889164 0.91014684849398 0.304677548371385 -0.95972565038146 -0.262527418394378 -0.100030563479832 -0.434527523286477 -0.571033044921537 0.11463674379504 -0.138837541158916 0.0160795114186657 -0.524948765882608
177.655981276864 -240.44613017921 -112.750360960514 -0.371748335282962 0.79100807566396 -0.485911147597715 -0.868609382554434 -0.481088596007998 -0.118624195462759 0.330116090451419 0.304893927433648 -0.252433563947994 0.121401965299793 0.169293042615131 0.449697898435224
177.165500608696 -240.635110572114 -112.509903578528 0.0634153065326468 0.609101647182377 -0.790552860184243 -0.947475369239175 -0.212076959493376 -0.239403166134521 -0.0519871152507746 -0.0578918633697021 -0.0195720089680338 -0.23937287762409 0.0789544610272102 0.144955771897277
176.621218768337 -240.556369305731 -112.384639940371 0.338740071289719 0.0157770504464171 -0.940747724722057 -0.906747843346139 -0.261392593300831 -0.330881255921956 0.149860563686386 0.0677804934752955 -0.500038438359678 0.344874252980269 0.260741780366778 0.0340211074316943
176.136160338329 -240.267447166157 -112.418191679025 0.401518388559672 -0.606047904100552 -0.686650538937522 -0.907590009615869 -0.162828431309825 -0.386997808580225 0.171789526029863 0.582017677861001 -0.171488713882761 -0.158813506499589 -0.386180977269735 -0.341195623311555
175.708529986118 -240.060335316049 -112.709509347927 0.389162951687674 -0.889836933495599 -0.238207057407191 -0.85644411205737 -0.254291761839828 -0.449265255175797 0.0251452887267879 -0.0504397314897578 -0.0162982630018595 0.0616803507168917 -0.417847614305524 -0.0135951820195059
175.361541121534 -239.87808792764 -113.138216932877 0.155465593043612 -0.949204888161598 0.273570020390696 -0.879465958782789 -0.259111265461816 -0.399250544479361 -0.0120167744478725 -0.121526613727106 -0.15615391775536 -0.38132806615725 0.016144358147092 0.726588438992307
175.124540081515 -239.941824581373 -113.74570500275 -0.240616126625848 -0.566585323063505 0.788089471128777 -0.843704634942207 -0.279323058392319 -0.458411533038183 0.0510126625323619 0.00314185108611001 0.418847980407217 0.127810922563704 -0.108090298025223 -0.0158373745515071
174.947765484203 -240.274335165841 -114.176536899262 -0.476984114082298 0.00633642105718204 0.878889160816288 -0.786739714005198 -0.448873632498858 -0.423737266913765 -0.498555058847629 -0.640936866977312 -0.124026302412954 0.241515169602774 -0.178179947228441 0.0626613306613326
174.772457783956 -240.789884598794 -114.524951815944 -0.543562120684146 0.413896937191608 0.73022572320246 -0.834535002474194 -0.359722810563878 -0.417313968860175 -0.709421584069231 -0.575685890148986 -0.232043802352217 -0.289709544867539 -0.0281033707406001 0.146049257237108
174.511088038835 -241.305212919915 -114.680612197749 -0.455348627443484 0.760531947276634 0.462870254957917 -0.883321661568987 -0.320890730453603 -0.341719239371258 -0.294272324282013 0.189780855360087 0.370671762532897 -0.30934194139286 0.826862000457075 -0.315656153075055
174.167215496661 -241.750280461577 -114.499360798213 -0.391523597647154 0.917598903353663 0.0687145737178409 -0.918210625063965 -0.384731520143845 -0.0941859497137654 0.160621271318564 -0.330349823719197 -0.163310653880486 -0.00825389762660688 0.479764425846031 0.167092859583818
173.736759682099 -242.095008036551 -114.179332259244 -0.12921655178167 0.702168983920549 -0.700187084515802 -0.604635741494794 -0.615448474577816 -0.505607495200345 0.366131392822369 -0.098762316692102 0.0991389966278189 0.323325496368303 -0.25801636366504 -0.568670826255799
173.267893770072 -242.340686971838 -114.1737166911 0.305241135906116 0.267078514353768 -0.914055293033767 -0.694081950807074 -0.594778880377092 -0.405571782038626 0.106713958746139 -0.288512647588915 0.300889670731048 -0.151242263411142 -0.31948119486618 -0.218335379725249
172.695854099195 -242.228345723911 -114.234698834463 0.646248626548581 -0.312154247640516 -0.69636382566579 -0.761877034894487 -0.316119156399997 -0.565342542180735 -0.203699616194598 0.000311979058917146 -0.230625642475281 0.456936780910138 -0.0910925661329893 0.354405552518454
171.73078419374 -241.747578163836 -113.590820649922 -0.165061311580504 0.334793820852031 0.92772193525975 -0.356357442853146 0.856835368306399 -0.372615971810019 -0.209688821402564 0.0715167681027516 -0.201292781474623 -0.5981899700508 -0.14206857742751 -0.10759367510321
171.262194481108 -241.508230851636 -113.884402295944 0.458431282771646 0.427036247785213 0.779410579898292 -0.260826108878618 0.903022425936579 -0.341350794235146 -0.0506522669687009 -0.196222366871192 0.375058446518655 0.0969362771715614 -0.232027039668255 -0.788002691152542
170.717776542147 -241.123533585287 -113.940132073764 0.847859228987169 0.334342110666924 0.411521859768337 -0.205481323321843 0.922671766481729 -0.326273664095065 -0.1028728136457 0.0264876656533951 0.0111804433495608 -0.142243889685523 -0.415266935269003 0.156694679687424
170.351388167601 -240.690942642452 -113.910664065373 0.983761710069199 0.131710088319206 -0.121923600165329 -0.164966794719018 0.931157484518613 -0.325164149356634 -0.0861704285754714 -0.502104608763531 0.305803410242874 -0.163588918999443 0.109592574539861 -0.316833576346189
170.125331125928 -240.230833041655 -113.67537349675 0.78884164755357 -0.0992347683424186 -0.606532248920059 0.0518044498946029 0.994102676213248 -0.0952695193939682 -0.32312966588782 0.365663386785762 -0.195323020874766 -0.247424870288701 0.121174315368885 -0.12305941163091
170.244810687085 -239.768819990382 -113.322398710175 0.429823229269448 -0.102497736368537 -0.897076562927838 0.124970418883659 0.990726829304947 -0.0533199242005765 0.728148381274896 -0.00701628102614952 0.64774460465275 0.152815948195902 -0.21364801863893 -0.00330020392207502
170.61533616789 -239.393184263355 -113.064598243612 -0.217258539006974 0.0542346384990428 -0.974606301255901 0.138073799040827 0.990123461561872 0.0243188141796126 -1.02728847776615 -0.106816738925778 0.237734681349895 0.234216424832935 -0.0277616481002156 0.0578297560560308
171.035812731287 -238.978832090294 -112.972820672848 -0.589757288007747 0.0470043620457756 -0.806211545547563 0.13824567286771 0.989444891588192 -0.0434416681925892 0.128766633879511 -0.0297390294082867 -0.284348076688443 0.336263391305965 -0.20626657855657 -0.420081648728912
171.496905292452 -238.608659315592 -113.073610063334 -0.855179914306712 0.108613360612113 -0.506824025623415 0.252136836978142 0.941486225171245 -0.223676043534923 0.787392157330357 0.163865356429035 0.192408403866226 -0.220871583891384 0.456619126093302 0.21375914429439
171.893569676946 -238.194678922329 -113.408562615048 -0.983292700916453 0.0869477929315466 0.159923867841161 0.101102012615717 0.991441531319167 0.082596962265622 0.0366633501237601 -0.189688125500192 -0.247267270246497 0.0113164779733672 0.325192140342941 -0.382392572283037
172.048762287084 -237.746314321534 -113.753670939044 -0.702735075153486 0.230511752389222 0.673073403783245 0.208861798633694 0.971213077808209 -0.114551395373084 0.0692548850915611 0.30631749099846 0.170627045299906 0.107623573806426 -0.056275393458663 -0.13750752277408
172.109019515884 -237.251146867924 -114.118194858228 -0.357815167637745 0.154301087606064 0.920955815211969 0.0237227849888117 0.987437042183309 -0.156222721440826 -0.729863152236836 0.10664477389256 -0.0966253053629468 0.458946273149016 0.000553547371049209 0.19304056441855
172.987313236691 -236.643412383444 -115.230025357951 0.337589226242896 0.485822729920038 -0.806231961746545 -0.0609488848756322 0.865999465079677 0.496316837078091 0.568168004858072 -0.120164868242656 -0.159367147585004 0.0713055044843192 -0.21785460687491 -0.0586638975934716
173.190250471852 -236.37904039593 -114.766466533206 -0.196374965626941 0.429973570513432 -0.881226225268511 0.325660732003021 0.876309248403922 0.355003245631735 -0.111353454394045 -0.323518016136191 -0.423345192902797 0.0966828595150834 -0.0165083269545107 0.25787698966886
173.780512656117 -236.265835265797 -114.688728604774 -0.637767971243854 0.549411285880057 -0.539814115957699 0.51837773468022 0.824539725496509 0.226757133771228 0.0693218227003492 -0.467282477817676 -0.394836066214265 -0.297100017721375 -0.183710763059751 -0.0681736599481192
174.291748713364 -236.028088858853 -114.791634409856 -0.796037798988915 0.605227776490839 -0.00482216776273062 0.589523098089055 0.777137007463492 0.220274144146657 0.84232540373958 -0.341551175451133 0.625109857535347 -0.623408333357819 -0.0158279710888651 0.365004834582378
174.731348826938 -235.722878009792 -115.128293100155 -0.771601754979065 0.46952463685249 0.429158986344662 0.474167248439583 0.874273084869254 -0.103981219917247 0.754767919091416 -0.350766502109805 0.200042356904399 -0.299977000949109 -0.0138032008586858 -0.518352660105716
174.876995345571 -235.362489245363 -115.554114551317 -0.289016618277493 0.316827710322572 0.903376817110652 0.459516492662408 0.873744359764193 -0.159422403917378 -0.410135672672906 -0.203494718421911 0.142246224537159 -0.0467236804752322 0.442374776708658 0.335940810007278
174.774785843997 -234.903853772049 -115.88542162863 0.175347326106927 0.0536200298657585 0.983045414600338 0.156981823013179 0.984217670209418 -0.0816850552321499 0.298689173455377 -0.190172993605272 -0.121710118470435 -0.207239691262091 0.45835597908809 -0.145697375717963
174.559473053251 -234.341193360062 -115.974541605782 0.567800080636112 -0.174778120281813 0.804397791176723 0.299340807872947 0.954138071382827 -0.00398223086814424 0.158233070645247 0.19235108125303 -0.355258922600518 0.497590686528454 0.327958329002302 0.150931794537472
174.304638900816 -233.829977502527 -115.850119802739 0.90910214470621 -0.222101105815723 0.352426626915457 0.198602555917634 0.974758818386485 0.10199278519303 -0.228443292778454 0.496853955820666 0.383609546589703 -0.250840606831703 -0.118140836267441 -0.127774840054468
174.148198772437 -233.350291326021 -115.528022470238 0.970142533442694 -0.220372254339748 -0.101289804222923 0.223461576130446 0.974505628450171 0.0200967701303124 -0.21786803789933 0.142739550786205 -0.0597364872910138 -0.0207048816679994 -0.117101018806804 0.180724943717901
172.860441981624 -232.856150587621 -115.121959855324 -0.318037581938561 0.742301942595441 0.58977960648253 0.124864345963226 0.649455498650779 -0.750077671537148 -0.170720046420645 0.24486096844489 0.614425038239996 -0.389510157727162 -0.0719062638535564 -0.436024553496762
172.591649168148 -232.798832986982 -115.595229477862 0.250964515453304 0.774122732672767 0.581163292815429 -0.0609999386800747 0.611831819083066 -0.788632234284289 0.0136087131877266 -0.133892857768953 0.145734280032536 0.292774809764573 -0.00245779341658301 0.172609815382066
172.165362631428 -232.601590379008 -115.987228969434 0.700328315280811 0.626940415072255 0.341300606169149 -0.323798031537472 0.705123238657142 -0.630837686982256 -0.801627018129687 0.301161141239269 -0.221806687092435 -0.360314192625431 0.226644387920612 -0.565697752756601
171.698943990801 -232.250683448275 -116.085420948506 0.942175842740195 0.334674730776386 -0.0172516898178124 -0.308797973711105 0.847025248076441 -0.432657137938478 -0.0477500064747362 -0.0159213550585806 -0.0720267854563951 -0.000266308137921816 -0.157185223616355 0.276754580779081
171.398784080681 -231.789325494343 -115.916623110689 0.921068049754699 0.125096709526598 -0.368760840159733 -0.236025442810638 0.932560492281644 -0.273172360664806 0.286513540440852 0.0609410031253312 -0.0306799008096775 -0.519495353469491 -0.195861746917887 0.235948054930878
171.356745893464 -231.32706534572 -115.510357083632 0.551929618065596 0.117199937100311 -0.825613646718127 -0.161842270111944 0.986303576704841 0.0318177542069092 0.166047258301694 -0.546802848175749 -0.152108293265278 -0.0236928261772185 -0.193452834676644 -0.298174821675565
-9.40992491259824 610.772006034665 -115.991647566887 -0.178325295626417 0.958378636600741 -0.222958804133844 -0.83265915592016 -0.267712121958404 -0.484777305794369 -0.0279470073161056 0.0626691580165666 -0.254463417439526 -0.064727920784673 -0.357087171151083 0.214315553583152
-8.63386415342018 610.058011449361 -115.961891158815 0.584532076952124 -0.136433840305156 0.799817553331992 -0.302445750622675 -0.951354127472834 0.0587538379667748 -0.437674441281408 -0.29412964499748 0.170957648267046 0.46530389104921 0.183742765841831 -0.468970986554687
-8.5824552793559 609.580927694186 -116.215300499134 0.382055757573546 0.126102105496482 0.91549538002744 -0.0310247765983838 -0.98833802556761 0.149082869826951 0.00350146599295124 0.210546449223381 0.0935158734479921 -0.310876389220872 0.516948596353757 0.129835214053324
-8.34633129553529 609.182399149823 -116.459500829113 -0.220231702345955 -0.110850132514534 0.969128644328169 0.0215735616666548 -0.993832496147332 -0.108773261206561 -0.54739054882624 0.123835830838432 0.180051174226217 0.233636890978871 -0.0317964705267676 0.087372333796668
-7.89809103293881 608.7599770957 -116.495402175047 -0.636876833244071 -0.0591248565636442 0.768695146675114 0.0327801655420893 -0.998230127270126 -0.0496208164021767 0.125051816592321 0.0521877008103136 -0.286694860985554 -0.247989880524585 -0.0797734908794192 0.148859548378213
-7.44704829378552 608.351274696763 -116.445044136809 -0.851803891404691 0.00873262863039488 0.523788122422689 0.222237318639799 -0.899405155830401 0.37640562114395 -0.130653686808367 -0.280062318954998 -0.209155508930381 -0.265778529865463 0.0243455730212174 -0.0310655762088107
-7.13365904198032 608.150213675208 -116.113119081789 -0.960978411679723 -0.276606308859585 -0.00310047969710556 0.200879501366714 -0.705508439068954 0.679636274767692 0.126925872454334 -0.101658187104445 0.134700934532866 0.024195157312277 -0.30291055091175 0.117298315587987
-7.02763409634633 608.211032138503 -115.512425368285 -0.613284422623201 -0.701868764275111 -0.362301777652632 0.193149326458215 -0.578026854502489 0.792829358198188 -0.425367849761813 -0.614623287674934 0.041588104623818 -0.271432980224819 0.0116291784722925 -0.285099493664027
-7.12296146116552 608.132371304191 -114.891376923307 -0.115207550298885 -0.771538853665903 -0.625663638222709 0.173521031690988 -0.635804463910795 0.752092486793413 -0.073712537510701 -0.193970067949322 0.812598812953711 -0.115629294226972 0.37133840596714 0.184732333171899
-7.32058369753625 607.967203276103 -114.354504570549 0.062253984322111 -0.659707542312217 -0.748939569183582 -0.0464333690741019 -0.751497006580413 0.658100514051434 -0.0590372516523363 0.0118548182530524 0.438456753034569 -0.0552635019098917 0.0828707191825708 0.363715974591034
-7.74096259844814 607.672775589863 -114.128606478099 0.77737048769237 -0.514724315269822 -0.36159928359018 -0.243315100851392 -0.776139374578296 0.581726306016958 0.460244724402038 -0.234570169465374 -0.137123997004182 0.605823290186009 0.517654496564147 -0.0622253202569367
-8.20755719638456 607.264674905002 -114.053995065526 0.97941391954018 -0.200992980519125 -0.0187171148491046 -0.167910928822184 -0.862641479608704 0.477132958031459 0.457474096741072 -0.632321857235223 0.260777378020415 -0.0597424132353175 0.364290429673258 -0.507469166196477
-8.45145387196465 606.747408347095 -114.173907139661 0.872468416561776 0.272973347504659 0.405320331936284 0.188101473154122 -0.95312364909864 0.237009371597862 0.0578287207415694 0.321670435540444 -0.300027259484676 -0.236898842560274 0.529919766988917 -0.15031737621377
-8.35722454830512 606.263195363316 -114.486570464934 0.452548268582571 0.253090676249005 0.855070373458385 0.280874569603617 -0.950527651710778 0.13269123918938 0.643863711632743 0.0095775380232822 -0.235119544338541 -0.148492445294554 0.215901470375067 -0.185130176815092
-7.98333527684192 605.895999579805 -114.688518813612 -0.230141869051725 0.0885068369004404 0.969124045584746 0.43321020992101 -0.88242267543504 0.183464897467471 0.214759850333495 0.101758445326728 0.299349269723059 0.926387738908477 -0.12948634848606 0.23760203611058
-8.30038149689632 605.496221296685 -115.263123268337 0.0026386785456075 0.978398105624321 -0.206713172215216 0.954761447381048 0.0590039857927754 0.291460359068311 -0.043412392809433 -0.0426581710369925 -0.254470153799118 0.519845102613436 0.274169479263669 -0.209039248561913
-8.79509857756432 604.138357086715 -114.740503618128 -0.354340805770884 -0.933979723291064 0.0460939388766561 0.917940007609448 -0.356813619636143 -0.173407884742766 0.269557223185563 0.179121062210113 -0.434380198816342 -0.476113796901241 -0.596156334279443 0.227599994998063
-8.692234082784 604.019819822007 -114.088567356648 -0.832544849394584 -0.551126745046449 0.0559326515852715 0.516622240786735 -0.808905727845199 -0.280665438595674 0.404885259801427 -0.0542369075949908 -0.231607495067157 0.291957113437571 0.139171401637462 0.0213666072078951
-8.32365303334185 603.708165384342 -113.796952378217 -0.721402530806468 -0.466749383050999 -0.511589178753648 0.502036087204531 -0.86133075496186 0.0779052097594344 -0.293305755219798 -0.415358222803418 0.291862393842687 -0.121551760642216 0.150593974410553 0.0558277753414834
-8.21260360672031 603.373871006604 -113.347782214179 -0.182463517069999 -0.266545392804863 -0.946393505467906 0.342281300935854 -0.919562767304211 0.192997258309871 -0.0245008560447765 -0.378938888331974 0.374541943609656 -0.129622714040646 0.08970020949792 -0.0864905568238521
-8.45262332683352 602.867627281456 -113.072578255853 0.294084807195883 0.0485016227759138 -0.954547976091627 -0.0300770412366417 -0.997747467985257 -0.059963008972788 0.408917744579166 -0.097753104030102 -0.20545945003936 0.254772652457999 0.219474091281227 0.294167933784
-8.87990067653051 602.430345976649 -113.047477321733 0.792331272060023 -0.149003259678631 -0.591615774616659 -0.201274346136955 -0.979266694806708 -0.0229237516517073 0.0406287755375531 0.1834514640293 0.127387593483362 -0.407854886653311 0.0240382597670529 0.349302842249232
-9.28181021125009 601.998033148984 -113.239694972861 0.989785338240817 -0.142562700661856 0.000981999076467883 -0.142409045662383 -0.988348592475679 0.0537306275596213 0.0139869361795799 0.126215911962386 0.147404372750872 -0.290220625022289 0.495164494847557 0.00203427267686644
-9.55611506958252 601.572933695135 -113.547707339877 0.883660154581092 -0.219251056023055 0.413610688242066 -0.190813983556371 -0.975506397291425 -0.109441297446025 0.350422293548486 -0.140141145501959 -0.25194725611191 -0.150860860829317 -0.0527273440265726 0.304597935997885
-9.68877578255419 601.136903249471 -113.979213343501 0.664495025199567 -0.102316674179741 0.740255148228486 -0.160621870289008 -0.98698550090827 0.0077640312204954 0.123736560701929 -0.304750115067237 0.0415692955550134 -0.369552984457219 -0.478246851754781 -0.298959441586266
-9.5855736453765 600.614424235269 -114.272706316324 0.10819456217286 0.00453232013617888 0.994119445758325 -0.18237500513643 -0.982928092059826 0.0243300003544689 -0.0286926587849232 0.0309569459314752 0.46823030469698 0.211115798466582 0.405579692690875 0.30295370331008
-9.28674848414189 600.068903344996 -114.412978408025 -0.401464313072861 0.144076645360246 0.904471360970239 -0.0806431139823525 -0.989274469211005 0.12179047944199 -0.181234652719488 0.363797027385222 -0.477386493723038 0.816576112137905 -0.287193323561682 0.00830617618766161
-8.90651777905017 599.643545264337 -114.367671072637 -0.84063066541689 0.0855933710007613 0.534802629019979 0.0606877929179618 -0.966329128450428 0.250049982393552 -0.0923372094755677 0.336068630240186 -0.190820488801456 0.456358158144278 -0.0654328803667346 0.0724244818571282
-8.45980361756583 599.448308792577 -114.072034204268 -0.977366528728014 -0.141462918125158 0.157298944497261 0.208669986912827 -0.766982959511201 0.60678996562309 -0.480443815200572 -0.0284275400162555 0.458905477850788 0.114830902399965 0.361918759832027 0.223530928696952
-8.16254191384841 599.242797489195 -113.606357144613 -0.901124404485078 -0.337246003320957 -0.272470284038301 0.144079174937165 -0.825665958685477 0.545451252436547 -0.388514733287954 0.250673665987083 0.0776285967310639 -0.0841336595830898 0.0166797293717493 0.165407164012198
-8.12326408220757 599.142198442376 -113.063791274161 -0.4213373776883 -0.646303245718223 -0.636213050053848 0.150955913736985 -0.741715168425484 0.653506731025891 -0.430335924305681 -0.0390836423629528 -0.296523790691193 0.193655411585217 -0.0356836095908804 -0.0504677989032779
-7.20249499578996 598.751101381268 -112.478914188601 0.890791879670841 0.0571258685931511 0.450806625978006 0.376534902694629 -0.648162402953511 -0.6618966497956 0.211375041840172 0.0297426664813632 -0.0747712179012065 -0.275026021391687 -0.308595884238294 -0.367305317572835
-7.07481377196608 598.744724813169 -113.066453212587 0.395931069030715 -0.463216146345559 0.792886781124287 0.449137718211093 -0.655433253181909 -0.60719241114471 -0.2809258929105 0.132757764346997 -0.0918878493247761 -0.245553783657492 0.204582029105419 -0.660331002066654
-7.14830497450807 598.407527819867 -114.453382651414 -0.207303463546158 -0.897611222169071 -0.388998086094245 -0.977879126815426 0.178796875556128 0.108554931265118 0.182767340216688 0.0116894212669963 -0.122234027908029 0.0629132359083126 0.0786521562693451 -0.386828743920253
-7.4225280864487 598.738213730941 -115.390157464031 0.0564079515249102 0.234911412617794 -0.970378730330186 -0.672396308415899 -0.709525053450929 -0.210849644711809 0.89752069993679 0.0361327081794019 0.365310942854858 -0.26604392582389 -0.207423145254465 -0.122125336289932
-7.94716918876443 598.694013838683 -115.281708785977 0.396600175166818 -0.150949903612451 -0.905495774167265 -0.81506198653915 -0.511724341096421 -0.271684314883448 0.103669441015735 -0.116697853054307 -0.220321717270578 -0.609931777502681 -0.267875147555982 -0.567786622768916
-8.4923949661442 598.77883348954 -115.466212481067 0.628195189165087 -0.606001127481243 -0.487989418471826 -0.77737792131589 -0.515030526735509 -0.361147258998051 0.0439683097480953 -0.235769899761029 0.0412486116924919 -0.0930068805195006 0.494627863639535 0.537688741629334
-8.9059366937724 598.857184232934 -115.80203442121 0.539684633773604 -0.834396512355404 0.111906728734376 -0.723543593312765 -0.527670954109196 -0.445026014732861 0.168858036308099 0.0745164942798055 -0.123881497584445 -0.0343681918854409 -0.124573023878309 0.390988107644466
-9.02584925877616 598.902679665687 -116.378708632013 0.182636244851688 -0.897306332967196 0.401852537870379 -0.579336821586009 -0.428450371024394 -0.693396853368792 -0.0929571475755005 0.0324922194632041 -0.308365960236273 0.118621751363147 -0.292068147849327 0.358076727204041
-9.02582916044059 598.788889680157 -116.935012463423 -0.171347929047408 -0.70448187430869 0.688727363856417 -0.351299638098048 -0.609426146080709 -0.710766153235689 0.332510801750037 -0.396857900157102 -0.274350296285379 -0.593474142201507 0.295624051217797 0.236240910494836
-8.90701941791163 598.440484672735 -117.369026372618 -0.641710936669412 -0.30126428201541 0.70529915638245 -0.331539426558666 -0.720288882564758 -0.609315621405844 0.353031722346625 -0.441745241352911 -0.152012710311285 -0.087328758248033 0.236045270321428 -0.239199811353444
-8.68768631236998 597.983366249648 -117.638002702647 -0.895077191624594 0.0499864664222793 0.443100813788739 -0.284839206676264 -0.828633958443349 -0.481905213995596 0.138205425297969 -0.130169631318665 -0.405639167709409 -0.143273434254754 -0.23088963367367 -0.174548458356307
-8.52546681648185 597.472577188695 -117.687122703366 -0.964363984982695 0.264253088128622 -0.0131336811359815 -0.22971741508755 -0.860892837927879 -0.453975312678143 -0.0533557329857655 -0.482650691136423 0.546479490941066 0.292011888872679 0.379293752561842 0.018069661804569
-8.47402047680657 596.888785750326 -117.693463482428 -0.827091267953014 0.446734812540643 -0.341098554373833 -0.192235263694982 -0.795099148077848 -0.575207090067706 0.00680613443213528 -0.0586418750766237 0.300688296518314 -0.499889042390615 0.12809204367864 -0.245850559365195
168.507664647701 657.018421068225 -119.629665953487 -0.773234771929248 -0.596424377477182 0.215374208366013 0.623959917760858 -0.776172286507148 0.0907233116646465 -0.276040561533287 0.00787969703592487 0.348379017209457 0.479201167653497 -0.0359493350895409 0.539428290545418
168.949226773642 656.839432088249 -119.281445413768 -0.710428643617795 -0.600164778142898 -0.367550612751837 0.589214055918693 -0.792829780600161 0.15571713022553 -0.00741913122143949 0.0434278189736213 0.318529564945456 0.335231341296632 -0.696590418276088 -0.0673823957844522
169.243601094658 656.575312134021 -118.883743566884 -0.224985105944865 -0.390628531264833 -0.89263154348213 0.690028333343684 -0.710681770001043 0.137085090702878 0.110179719882617 -0.598440317507935 0.0198200642166703 0.242203993130059 0.582080798216882 -0.594798123922992
169.665170950965 657.133171983509 -118.218985029 -0.644057604198483 0.49006068942972 -0.587392940319871 0.760661964938476 0.491712554941875 -0.423806884335048 -0.414425773877489 0.412130319368995 -0.0346636644943074 0.157865133111248 0.332678488889475 0.00269759308472266
170.593432571065 657.472222521235 -118.12423380254 0.727891077173042 -0.548723483823066 0.411190070755964 0.253660729119676 0.772612739575102 0.582001703562164 0.19468357928163 -0.489551736845924 0.145919853176123 -0.0617711029281063 -0.285290659382051 -0.313466824789781
170.362688430616 657.847718824662 -117.684942171377 0.968589203983651 -0.218741693949171 -0.118267340181723 0.245643106385911 0.76772687984186 0.591823508604698 0.191637808062445 -0.457782269682169 -0.376012165937748 0.0569272748649845 0.0185692338646272 -0.136058928128265
170.230626553807 658.024591018828 -117.125371740281 0.909334898684393 0.0110441766772495 -0.415918539011149 0.342935112050179 0.546154531102515 0.764271516141543 -0.157987823503326 -0.0556496103131027 -0.087489411518561 -0.168190578137233 0.850296840547755 0.015122682677976
170.340320187176 657.973338305395 -116.58487160786 0.594384450458662 0.438397230309319 -0.674177402806518 0.399926796065727 0.566179988471417 0.720762773535651 0.0466417643587344 0.0360080727803184 -0.0142572095629771 -0.341325307744572 0.891447791504702 -0.344430046559737
170.701295551141 657.947118401517 -116.132438276679 0.304829528981569 0.677656896438836 -0.66922359560947 0.613573151805668 0.397689049970659 0.682181436784255 0.0767181590426506 0.166404936953435 0.264644487793306 -0.288534010096747 -0.0290388882014645 0.248951509473384
171.142888680187 657.834501231048 -115.850856091225 -0.114044860448673 0.88775940575181 -0.445956464041685 0.616214961339395 0.415313683197093 0.669173946773048 0.0512109271088094 0.246957238137895 -0.336140470663879 -0.347542567256516 0.134250219359503 0.151016542409658
171.711141876427 657.848094064774 -115.831509219075 -0.519575347679307 0.845825909210397 0.120913792054354 0.766278624012634 0.398683243492818 0.503853993424582 -0.185256306504558 0.134620294611122 0.12478846189383 0.376068529579523 0.235459616907475 0.305992672189362
172.224169685582 658.011425669928 -115.987999158028 -0.618613833522764 0.621351618597576 0.48087336852053 0.732644747631702 0.677267476954151 0.0673835793711087 -0.0985938549649699 -0.0865634002223537 -0.744518395833525 -0.115852473577182 -0.396552351619183 0.0602574480811487
172.504491901152 658.421974648663 -116.390766772605 -0.423816230554355 0.259076011843061 0.867905195124608 0.56179471489771 0.826818702556327 0.0275246872878839 0.569392538079417 0.155564630793764 -0.480812143312172 0.248749086187816 -0.360591036920752 -0.398765960355857
172.539628667948 658.967571533362 -116.556944714056 -0.0506813071168717 -0.238199698943589 0.969893030880598 0.274875750268971 0.930307358683896 0.242841175579018 0.513190680578186 -0.0155705118151968 0.1795276720451 -0.679480244290844 0.0272777537767355 -0.506533633725764
172.250808547495 659.464587534567 -116.609365596031 0.525084565383348 -0.241506510564635 0.81606428460025 -0.0321339594231713 0.952581159181999 0.302583473934984 -0.0653652102727436 -0.023675342088584 -0.651463265543223 -0.0204882522889188 0.113164552480595 -0.152470337622407
171.834979695276 659.808135932071 -116.461221830992 0.903674011878212 -0.0283225879326688 0.427283514009627 -0.10098262217177 0.955574559386546 0.276911499594265 0.101460708559756 -0.128324451352456 -0.374242118333943 0.0765327900289615 0.586935185401319 0.505830016684259
171.511863510679 660.114958531589 -116.129181482472 0.971780402600827 0.11912007346305 -0.20360112646471 -0.0564809219711025 0.955521863878048 0.289461873387207 -0.162763438100808 0.581378614580678 -0.611331869971134 0.271849115927428 -0.145924356749873 0.514299802337983
171.39271021598 660.250193815873 -115.584257074046 0.787660374280302 0.3561277189802 -0.502756660424871 0.0283308178863872 0.794219211196173 0.606970624182076 -0.125332785781433 -0.36063186916686 0.342852339455435 0.630326649322558 -0.0871465680509293 0.172703147415038
171.641424948915 660.360709295925 -115.117558997569 0.129054667470151 0.615250997513105 -0.777696134883609 0.357904698837843 0.702493051738124 0.615148703881034 -0.73271307145062 -0.229659727432696 0.198715252806453 0.14066529966684 -0.889051450610703 -0.0836973668384616
172.13932870898 660.487802729382 -114.738042615836 -0.288773765140802 0.676055047145208 -0.677908134619334 0.479492471719361 0.714996927071793 0.508789270249431 0.018681136877658 -0.0396566237053049 -0.38319844501908 -0.281691316003241 0.0761022399602854 0.0930813762752849
172.701386292829 660.676267497044 -114.681754849582 -0.778841300206326 0.595441377973426 -0.197119262994343 0.568976866625535 0.802976083720457 0.177468293078585 -0.140976740993315 -0.901223476081019 -0.32497685023533 -0.0768803491489219 0.00488082062902286 -0.00890493088925103
173.123396086217 660.876623003002 -114.939453951909 -0.751254170254526 0.536946013615255 0.383805060156158 0.54880548464354 0.831233432262673 -0.0886778197052398 0.17371835547709 -0.606525544842232 -0.0951896713308627 -0.104337271128494 0.25967419973086 0.287105189381511
173.275267470769 661.18273136849 -115.309459506582 -0.306048378533814 0.428679728450283 0.850040117849822 0.430732606638916 0.858619319864384 -0.277925286062043 0.177181605638524 -0.259565918322571 -0.26565592152776 0.537952206140407 -0.145250854868022 0.267215691189751
173.219956231536 661.571072169797 -115.824900389893 0.039907201690321 0.295934785738295 0.954374246392446 0.304669396979311 0.906048177529148 -0.293689457325026 0.4928580002431 0.24072548322062 -0.0161518555598813 -0.0957156582631113 -0.305261620654153 0.567342706741308
173.0157479363 661.993315433407 -116.063219762054 0.583401862294297 0.0834150937093347 0.807888771202145 0.0309788952708419 0.991702693236448 -0.124764828311626 0.132034646482663 -0.312015613334947 -0.424238468803169 0.131385708871511 -0.154445685434899 0.48696262721152
172.653194433929 662.460178686606 -116.057699744999 0.877958295860321 -0.0775033543181402 0.472421926991191 0.185280801990311 0.964916573046166 -0.18602979272115 -0.03319749254333 0.0479418915712871 -0.313794779632586 0.196431051424984 -0.022380641211043 0.229557688348306
172.501039559787 663.069785027177 -115.91474435636 0.958560780798649 -0.283104886145005 0.0318276778035427 0.284705462275464 0.955950960428522 -0.0714196962107544 -0.610995169207723 0.651169923796067 0.596794231384973 0.214643795732297 -0.0973845211973766 0.310105239834083
172.359745204985 663.431743163023 -115.492282559118 0.844453405121439 -0.0647048880573604 -0.531706585496441 0.16079128063048 0.977516499266749 0.136411055103225 -0.00107872230219194 -0.63750110382024 -0.320516888040486 -0.229565432591265 -0.183069174261899 -0.0717358782966716
172.501369756665 663.752475346225 -115.085461490483 0.387698159709518 0.0266711399946314 -0.921400488540833 0.238338642796164 0.962689916189857 0.128152183772866 -0.0648327439287779 -0.366125110273656 -0.483141047318102 0.0877653738931626 -0.270122777844503 -0.128091542147814
172.809736272734 664.095103368641 -114.655397918676 -0.0476029593031839 0.231240765865198 -0.971731298048751 0.440801721353458 0.87784442140827 0.187304805480967 0.0309368486001136 0.446049244669776 -0.344523541343942 0.143613306093268 0.0729300364588699 -0.856800910082256
172.630577427141 664.804016881825 -114.236608119082 0.693804972852779 0.71049488627754 -0.117608727091477 -0.704318125816109 0.635362292577934 -0.316624162094358 -0.240134318218076 -0.250611444583539 -0.440597190034833 -0.716773278524257 -0.488043226199887 -0.0121716498224536
172.12554714349 665.057415002391 -114.01282559229 0.75790683604562 0.364060258805352 -0.541329360834133 -0.546669164892334 0.80725127388569 -0.222482308360626 0.0846108836825734 -0.298360656482708 0.0423036992019157 -0.156026428416906 -0.00642629946571874 0.193355398710922
171.867737878049 665.518918301615 -113.733392760662 0.613645977506268 0.0229251882719832 -0.789248466757853 -0.112038068579336 0.991992562911634 -0.0582960787508411 0.421144686781443 -0.633839325645248 0.15888339897547 0.383456030579849 -0.133525712348436 0.109269853718522
171.974751504004 666.032363526341 -113.473510799284 -0.108481719058428 -0.198539824397139 -0.974070700561981 -0.285663307077871 0.94475192097837 -0.160749738546589 0.41464207913354 0.116597662480287 0.025092074534456 0.64067680841929 -0.0168298773011321 0.144966879582087
172.21910948156 666.600432655915 -113.437320506321 -0.460049122104445 -0.332805860075326 -0.823161632666631 0.0311689979216123 0.920470274636568 -0.389567683459114 -0.320090917811624 -0.358981689420454 -0.265917044608758 0.258029085826776 0.283555955405011 0.00585637274232826
172.61838298182 666.971109639714 -113.579141265125 -0.7683886489211 -0.210307569687048 -0.604441646844391 0.214121655223237 0.805553584253881 -0.552481220653677 0.0691161228272085 -0.155103591856464 0.120450946071411 -0.455340676996807 0.516956228445268 -0.147003800591238
173.005443147929 667.063389258117 -113.978398444092 -0.986208068772867 0.143975906950169 -0.0816373942478846 0.146912488036976 0.534327495606208 -0.832412755594064 -0.124713076748364 0.137355174219853 -0.215800380900055 -0.293376972979067 0.23962727530838 0.174109476492982
173.096589668862 666.990028140176 -114.564660670824 -0.609034199197825 0.700062326435823 0.372813971073499 0.138823211238382 0.556878279869184 -0.818910756666508 0.253689651037509 0.105012741377297 0.352168950429368 0.191551968177295 -0.507503603673611 0.112704299229382
174.16513942386 667.006093343279 -115.072517213481 0.770504877898293 -0.0821241241929554 -0.632121731430761 0.240225350027466 0.955960052447731 0.16861850955753 0.101554437857879 0.0557244850933381 -0.201811751783251 0.358050547203201 -0.122323388140864 -0.0466599060438241
174.465144517667 667.244986268015 -114.562210079101 0.454183244993717 0.141990145494904 -0.879520606738465 0.594118196819969 0.687378973284827 0.41777253740092 0.319068254829139 -0.698251085414206 0.355324227534665 -0.0754951422502798 0.185702620325231 0.00194186276011419
174.981507088477 667.330789435158 -114.209922098531 -0.184710244389857 0.496964702084579 -0.847884609248233 0.53148731041464 0.77620103508993 0.339165643565205 -0.188636957152312 0.00797480770983251 -0.211509740805921 -0.114163691114186 0.037886493157087 0.363945666169451
175.523872505346 667.447093219382 -114.136959803754 -0.570035110869714 0.628692384402614 -0.528966916661289 0.69875202865492 0.709627816168814 0.0904109150280187 -0.445183600378314 -0.47659962697916 0.482544911477466 0.0653520931925456 0.215798111101819 -0.326097535499734
176.025880207211 667.576914925086 -114.31801589446 -0.737778863204663 0.670461125434636 -0.0785136198792294 0.661854941102837 0.695578318066811 -0.279497754089979 0.230345914785895 -0.167991916769581 -0.266399162201785 0.0804612702676648 -0.228180254421737 -0.492935418191897
176.312145357719 667.786588344313 -114.800988321326 -0.459280452287568 0.626318233941928 0.6299102831411 0.724012460461749 0.674790738135477 -0.143050469299907 -0.587608398636373 -0.719105934635023 -0.515957049955624 -0.452711338396392 0.0142458699504359 0.0441771651549026
