t = 0
b =  50.0 50.0 50.0
E = 0. 0. 0.
46.49901538353048 44.41175616935982 20.371915339126748 0.8064830513219291 -0.4273077043771483 0.40864803157534285 0.4151480548721286 0.9013708404576507 0.12321810138350818 0.0 0.0 0.0 0.0 0.0 0.0
46.60462753182242 44.739099425580875 20.78468351723416 0.9001449561166214 -0.3873450108989428 -0.19925586693872724 0.4151480548721286 0.9013708404576507 0.12321810138350818 0.0 0.0 0.0 0.0 0.0 0.0
46.915427751184254 44.97814737437969 21.152031314203295 0.6518267424615052 -0.20022347171700047 -0.7314591302223346 0.4151480548721286 0.9013708404576507 0.12321810138350818 0.0 0.0 0.0 0.0 0.0 0.0
47.37481189699994 45.17155437650057 21.352642979422853 0.1558686513832928 0.06296631192815978 -0.9857688405899829 0.4151480548721286 0.9013708404576507 0.12321810138350818 0.0 0.0 0.0 0.0 0.0 0.0
47.86972630680286 45.379314551406715 21.328548606412667 -0.3993065463403123 0.302234140931217 -0.8655684872413859 0.4151480548721286 0.9013708404576507 0.12321810138350818 0.0 0.0 0.0 0.0 0.0 0.0
48.2736187768033 45.65596900824794 21.107147869500654 -0.8027785110597966 0.4266781667091381 -0.4165241940564138 0.4151480548721286 0.9013708404576507 0.12321810138350818 0.0 0.0 0.0 0.0 0.0 0.0
48.49451785994821 46.029884766615965 20.79080042944753 -0.9012614976867103 0.38902002327573315 0.19076460436374487 0.4151480548721286 0.9013708404576507 0.12321810138350818 0.0 0.0 0.0 0.0 0.0 0.0
48.5099743563372 46.49247765153022 20.51793778696154 -0.657340173053759 0.20356666893193526 0.7255787401720162 0.4151480548721286 0.9013708404576507 0.12321810138350818 0.0 0.0 0.0 0.0 0.0 0.0
48.375590139595346 47.001473565032754 20.410470841128124 -0.16368432653607054 -0.05922506639231095 0.9847333815593231 0.4151480548721286 0.9013708404576507 0.12321810138350818 0.0 0.0 0.0 0.0 0.0 0.0
48.20389407546926 47.49696912278763 20.527473900605838 0.39215793228867113 -0.29951620880381274 0.869771347428084 0.4151480548721286 0.9013708404576507 0.12321810138350818 0.0 0.0 0.0 0.0 0.0 0.0
48.121590424347644 47.924189951321395 20.84274136609718 0.7990128361059637 -0.42601613584678116 0.42436863660746815 0.4151480548721286 0.9013708404576507 0.12321810138350818 0.0 0.0 0.0 0.0 0.0 0.0
48.22142177435735 48.254300388284264 21.25474367565597 0.9023094047043746 -0.3906654102715986 -0.1822588143255652 0.4151480548721286 0.9013708404576507 0.12321810138350818 0.0 0.0 0.0 0.0 0.0 0.0
49.3041930600026 47.78550189595835 21.036033098465293 -0.9023094047043746 0.3906654102715986 0.1822588143255652 -0.4151480548721286 -0.9013708404576507 -0.12321810138350818 0.0 0.0 0.0 0.0 0.0 0.0
49.080405827674795 47.41297058830526 21.35198373002614 -0.7990128361059637 0.4260161358467811 -0.42436863660746826 -0.4151480548721286 -0.9013708404576507 -0.12321810138350818 0.0 0.0 0.0 0.0 0.0 0.0
48.674483594215666 47.13754967222306 21.571199517519542 -0.39215793228867124 0.2995162088038127 -0.8697713474280842 -0.4151480548721286 -0.9013708404576507 -0.12321810138350818 0.0 0.0 0.0 0.0 0.0 0.0
48.17916894775206 46.93040348536198 21.592150898999314 0.1636843265360704 0.0592250663923109 -0.9847333815593232 -0.4151480548721286 -0.9013708404576507 -0.12321810138350818 0.0 0.0 0.0 0.0 0.0 0.0
47.72116614867269 46.73675765424855 21.388632275167957 0.6573401730537588 -0.20356666893193529 -0.7255787401720163 -0.4151480548721286 -0.9013708404576507 -0.12321810138350818 0.0 0.0 0.0 0.0 0.0 0.0
47.41300406272416 46.49670879454685 21.019717954684026 0.9012614976867102 -0.3890200232757332 -0.19076460436374504 -0.4151480548721286 -0.9013708404576507 -0.12321810138350818 0.0 0.0 0.0 0.0 0.0 0.0
47.31028456353155 46.16798280829891 20.60731883663296 0.8027785110597967 -0.42667816670913816 0.4165241940564136 -0.4151480548721286 -0.9013708404576507 -0.12321810138350818 0.0 0.0 0.0 0.0 0.0 0.0
47.39055845119448 45.74199552052418 20.289866421723005 0.39930654634031254 -0.30223414093121714 0.8655684872413858 -0.4151480548721286 -0.9013708404576507 -0.12321810138350818 0.0 0.0 0.0 0.0 0.0 0.0
47.56185427865989 45.24711395081436 20.169720370714877 -0.1558686513832926 -0.06296631192816002 0.9857688405899829 -0.4151480548721286 -0.9013708404576507 -0.12321810138350818 0.0 0.0 0.0 0.0 0.0 0.0
47.69761984213805 44.737879208319285 20.274280357936494 -0.651826742461505 0.20022347171700025 0.7314591302223347 -0.4151480548721286 -0.9013708404576507 -0.12321810138350818 0.0 0.0 0.0 0.0 0.0 0.0
47.68480147916237 44.27428541250214 20.545576476907687 -0.9001449561166213 0.3873450108989426 0.19925586693872732 -0.4151480548721286 -0.9013708404576507 -0.12321810138350818 0.0 0.0 0.0 0.0 0.0 0.0
47.4667950451168 43.898986924107234 20.86229297701716 -0.8064830513219291 0.42730770437714816 -0.4086480315753428 -0.4151480548721286 -0.9013708404576507 -0.12321810138350818 0.0 0.0 0.0 0.0 0.0 0.0
