t = 10
b = 10 10 10
E = -1.02106649456155 -1.02106649456155 0
6.1549021707041 4.63837104922137 9.07934967370075 -0.425497115514719 0.675539545355613 0.602161545890624 0.904015718111823 0.347682001399976 0.24874245176341 0 0 0 0 0 0
6.41114027266275 5.10694159505531 9.02045331727806 -0.307923537887109 -0.0472310674422648 0.950238033906952 0.902153796544631 0.302706606585302 0.307387764411207 0 0 0 0 0 0
6.71500221383913 5.51349420546305 9.21233854319898 -0.23163785195782 -0.484375889121504 0.84363730570555 0.789829656048245 0.412624670890875 0.453773065969001 0 0 0 0 0 0
6.89149382400987 5.77175354535122 9.56696000631953 0.175177241890114 -0.898329908776814 0.402884982247805 0.806082372503064 0.365820457782743 0.465195229347267 0 0 0 0 0 0
7.1354963465864 6.01108205481605 9.92899412326328 0.328543037030172 -0.908669872934669 -0.257640320679594 0.886227960489114 0.20226211817514 0.416761367689727 0 0 0 0 0 0
7.40206155313036 5.95926292209666 10.3257599705656 0.484681934079235 -0.480316623438079 -0.731012560785555 0.868750001667762 0.167107957297252 0.466206354750988 0 0 0 0 0 0
7.77630046577946 5.70061984272429 10.6116517260787 0.410771110914882 0.27547626624284 -0.869125952422696 0.797111550038189 0.354232255045741 0.489011949016509 0 0 0 0 0 0
8.33801193714663 5.69262147183649 10.742487624664 -0.0373967420243927 0.526998051650784 -0.849043307047549 0.822478485663363 0.498794696560527 0.27337335514639 0 0 0 0 0 0
8.85400404617214 5.7050092399412 10.5932100686043 -0.384199887524881 0.840882593949792 -0.381191434345183 0.812330189467491 0.504098247755407 0.293265442712979 0 0 0 0 0 0
9.25572142662922 6.08339663671578 10.4890783293435 -0.636571612897141 0.740324221498511 0.216094027488397 0.766729971462988 0.637699506505745 0.0739221905972413 0 0 0 0 0 0
