t = 9085520
b = 20 20 20
E = -1.16772187808182 -1.16772187808182 0
0.0459938534008833 10.7347712093467 22.4698110873943 -0.9687524906204 -0.111730441013259 -0.221438299460095 -0.245287521934049 0.563956739964882 0.788534607377242 0 0 0 0 0 0
-0.198400377584578 11.1864051597179 22.6845435744978 -0.687034675403007 -0.72478326734887 0.0516969067259059 -0.389989727718306 0.427837787849287 0.815391218718147 0 0 0 0 0 0
-0.588613136559451 11.4545982574794 22.9247534616952 -0.182945927196378 -0.92710384489793 0.327122681111608 -0.44070038431542 0.374770381010119 0.815677836392376 0 0 0 0 0 0
-1.09024065298954 11.4953864589112 23.0457352481685 0.296940746079536 -0.70043998488592 0.649006949801778 -0.559242278768435 0.423341988910331 0.712761975741794 0 0 0 0 0 0
-1.4828615402756 11.4918412726468 23.4649415573244 0.846643641405448 -0.200212625151717 0.493061303691124 -0.304658128477923 0.577312985402941 0.757557352045032 0 0 0 0 0 0
-1.62937474667149 11.7245531179829 23.998024921055 0.996437997220282 -0.0624803628722903 -0.0566349887514931 0.0835064873751724 0.637527176428214 0.765888873062922 0 0 0 0 0 0
-1.49396484028447 12.0081934048654 24.5613388243555 0.846760711690027 0.313076313339336 -0.430092454204939 0.0889007906519693 0.713835608617147 0.694647661258445 0 0 0 0 0 0
-2.25532391688333 12.1348807675562 25.2309770142583 0.645331863099651 -0.281401817211952 0.710182936811484 0.190132585304433 0.959589335226345 0.20745579703876 0 0 0 0 0 0
-2.36821786036196 12.4523163413803 25.5675955471969 0.972613822320991 0.0437749534995948 -0.228267619421037 -0.0266288249969876 0.996624098633566 0.0776615200840759 0 0 0 0 0 0
-2.90384982867211 11.5573069218038 26.1181868036373 0.145536175176702 -0.141721415440848 0.979149764908518 0.262211745340414 0.959820318034007 0.0999497758613811 0 0 0 0 0 0
-3.03390496703891 11.9604844344879 26.236739752208 0.774160529685809 -0.32452136550326 0.543471579393616 0.339609140898192 0.937488280349915 0.0760352262111802 0 0 0 0 0 0
-2.96017581444716 12.3089436669846 26.5068941047297 0.873077393239904 0.0148682266904263 -0.487354902764636 0.0055266382045818 0.999168972862951 0.0403834116695988 0 0 0 0 0 0
-2.77817939860161 12.6747340039476 26.7041502323894 0.0912015052110978 0.0762795441577235 -0.992906700848655 -0.347795225498688 0.936716150275708 0.0400166831823101 0 0 0 0 0 0
-2.70484680410331 13.1443672834113 26.6458318725394 -0.619853938556233 -0.271289502324226 -0.73633083650284 -0.412315653424318 0.91096895939481 0.0114611064184241 0 0 0 0 0 0
-1.54852900225371 13.3675751519197 26.543501437957 0.39681267608673 0.497388210657135 -0.771456199661559 0.285432205538477 -0.865654298355132 -0.411304135380107 0 0 0 0 0 0
-1.73157433176733 13.1230847821428 26.0750021270192 0.785745637653271 0.465168339916715 -0.407703579145396 0.102400147885787 -0.747856837042563 -0.655914903780676 0 0 0 0 0 0
-1.81976742143878 13.0248297000507 25.5436152643006 0.986020923820111 -0.0364120979582525 0.162594270843739 0.113570972307959 -0.567158342603269 -0.815740797474524 0 0 0 0 0 0
-1.66451014885445 12.8418619861094 25.0491001375758 0.772757602697277 -0.20574999799166 0.600427036199987 0.304343194504291 -0.710032943308194 -0.635002708164226 0 0 0 0 0 0
-1.23677395796304 12.6912379228577 24.6518712691146 0.331325133989729 -0.458498852968795 0.824622615147658 0.317482120060387 -0.768847428266456 -0.555048408240095 0 0 0 0 0 0
-0.853320027537126 12.4483841725268 24.5227106389458 -0.259160891207083 -0.67401277078562 0.69176760352488 0.254483149851162 -0.738582192910415 -0.624287330287491 0 0 0 0 0 0
-0.522196692358247 12.079965288727 24.4083703663582 -0.869927256531719 -0.394387332457451 0.296116869394801 0.153469002395198 -0.787091416963457 -0.597439843537516 0 0 0 0 0 0
-0.425316373472053 11.5577533415131 24.1656112912322 -0.999637918957533 -0.0237251457584603 -0.0126944255784475 0.0265523459822114 -0.793323480544724 -0.608221035594126 0 0 0 0 0 0
-0.526362518643049 11.0614025023016 24.069917258861 -0.809989363785714 0.445189183673554 -0.381737896067449 -0.0694748751263343 -0.719196722153575 -0.691324320829175 0 0 0 0 0 0
-0.671797528301158 10.6288796813729 23.7098981453043 -0.459129197825468 0.757043646441877 -0.464849757541367 0.10559353945193 -0.473046526352419 -0.874686794419569 0 0 0 0 0 0
-0.871677711433843 10.3310954863747 23.3157463963964 0.155779489603387 0.912666318822887 -0.377853068143099 0.289483832914227 -0.40790863542553 -0.865915501435657 0 0 0 0 0 0
-1.00269896017171 10.2654120387456 22.8173872291961 0.635902601949082 0.769370873325739 -0.0607975337691311 0.207261476650374 -0.246126187469307 -0.946818134669157 0 0 0 0 0 0
-1.11679907163016 10.4833529772563 22.3920255899432 0.994861448742367 0.10112568726549 0.00492881135925438 0.00180727278374933 0.0309363350682793 -0.999519723135808 0 0 0 0 0 0
-2.33124071500249 10.2701718049906 22.6060508131666 -0.200977422147748 -0.925600024602798 0.320737696945526 0.392895896488075 0.223764602468427 0.89194294503898 0 0 0 0 0 0
-2.43253241131589 10.3037430249 23.1230976457715 0.43507839069214 -0.900204700433399 0.0183926961111977 0.304090734548155 0.166136075709952 0.938044577570704 0 0 0 0 0 0
-2.33361689443586 10.2610094437141 23.6278121799342 0.861246619078087 -0.384282993663214 -0.332536978255949 0.387436700366868 0.0730667854461022 0.918996217659886 0 0 0 0 0 0
-2.08816950466886 9.97875532226394 23.9349156018769 0.669692910390999 0.699513102706867 -0.249384893113895 0.231910792808969 0.122028471615497 0.965052556234033 0 0 0 0 0 0
-1.69155919321327 9.92533123465981 24.2185247591318 -0.0589437129961379 0.997002974784463 -0.0501069552975121 0.4126406662987 0.0700394795303983 0.908197198753445 0 0 0 0 0 0
-1.41308996620673 10.1237371356821 24.6425616440108 -0.703652822144781 0.686111555538769 -0.184725848878288 -0.0459776670109712 0.215467102667908 0.975428101811815 0 0 0 0 0 0
-1.40168406565953 10.4283976124594 25.0043960400892 -0.996714348386241 0.0794855469919635 -0.0155741946938644 0.00506748526242215 0.25309925138477 0.967427046108274 0 0 0 0 0 0
-1.4491588303776 10.7426393112375 25.3490911275133 -0.767556716172334 -0.637328583927063 0.0683298146376789 -0.177650920711201 0.31394560507678 0.932672668959116 0 0 0 0 0 0
-1.14538093554586 11.7079028722403 25.4698627071382 0.171284602691759 0.508641151892279 -0.843768785558093 -0.0816988415612104 0.86080866479997 0.502328320814962 0 0 0 0 0 0
-0.839387573501227 12.1355275127258 25.6811117445633 -0.419080809103714 0.425534375126299 -0.80205471822482 -0.0339342943899094 0.875411775503778 0.482185324303584 0 0 0 0 0 0
-0.673270803515588 12.6332169285848 25.6895723748 -0.869522684964461 0.162047048351925 -0.46655230623437 -0.0177576202032223 0.933774201758331 0.357421889446379 0 0 0 0 0 0
-0.636932403663476 13.0969337334998 25.5470365358072 -0.987459429156105 -0.050075057884713 0.14972095494179 0.0086627532218873 0.929748393254564 0.368093577704439 0 0 0 0 0 0
-0.800817741644486 13.5745350589325 25.5188473989663 -0.783343677640082 -0.345190783007284 0.516929401396679 -0.15885956825281 0.915185973066307 0.370402851335532 0 0 0 0 0 0
-1.06421816209365 14.0147728239875 25.5927954154431 -0.323459135859979 -0.57432631954649 0.752012942777474 0.102672354089359 0.768741702570579 0.631264273054136 0 0 0 0 0 0
