t = 436053991
b = 20 20 20
E = -1.02190410944981 -1.02190410944981 0
657.543333834458 954.019834461563 676.451328280076 -0.0811448285706819 -0.996523825875616 -0.0188621647222252 -0.953714608064239 0.0831290473796439 -0.288994823217615 0 0 0 0 0 0
657.027868703343 954.346972956741 677.534556566587 -0.43200035358472 0.223676214854024 0.873695968521598 0.448577900230222 -0.7871351161156 0.423315693544218 0 0 0 0 0 0
657.36545199686 954.253756924346 677.883681425847 -0.769843955694558 -0.597251492611751 0.225013196169049 0.637268134182464 -0.699954192902622 0.322418133784958 0 0 0 0 0 0
657.521974371445 953.940489719451 678.220441338186 -0.39264604692201 -0.618261515699887 -0.680868401409911 0.612191819882133 -0.728179648922358 0.308181074308065 0 0 0 0 0 0
657.617313399217 953.539365581012 678.43177910575 0.316878189963538 -0.152740580370813 -0.936086816396971 0.668960244868594 -0.663657212142123 0.334740639237173 0 0 0 0 0 0
657.766459381809 953.095124631384 678.469395932697 0.727431296335316 0.514635122775459 -0.45386605900842 0.682705816157289 -0.609290900222468 0.403332824712509 0 0 0 0 0 0
656.785710298205 952.598571828992 679.193753704511 0.10186186869261 -0.00685841162282217 0.994774910165579 -0.881870583362481 0.462130355638956 0.0934869434464881 0 0 0 0 0 0
656.360280231253 952.467526329981 679.406594377081 0.283612223510288 0.464148837200386 0.839124522108353 -0.926809428062218 0.357290656244604 0.115618644750679 0 0 0 0 0 0
655.998149138896 952.329092579977 679.669826089582 0.265747883329453 0.954309918408574 0.136640558159091 -0.964008465264143 0.264247762729579 0.0293393727239776 0 0 0 0 0 0
655.599573639966 952.530308458981 680.017200299927 0.26962602116705 0.940334833503441 -0.207538453325818 -0.897537294898863 0.323486771776527 0.299638303213139 0 0 0 0 0 0
655.322503578143 952.780648505619 680.385206701113 0.152987897227281 0.679101590752461 -0.717924601012666 -0.780691047413932 0.528469693268797 0.333528517196995 0 0 0 0 0 0
1015.42525126903 -66.3792646205428 -120.443054013996 -0.102149263422011 -0.771103267872753 0.628462630758853 0.993653603842988 -0.0491827916907616 0.101161102064062 0 0 0 0 0 0
1015.97707891139 -66.3635536013947 -120.288195374213 -0.361426805954088 -0.888638266712126 0.282298945929568 0.929130932335932 -0.317922520369367 0.188788192466802 0 0 0 0 0 0
1016.31685785681 -66.5323742860465 -119.906557282207 -0.220863850227105 -0.836597905061123 -0.501321358920981 0.90117003304189 -0.371622313329128 0.223135447168277 0 0 0 0 0 0
1016.71202487457 -66.8515658310667 -119.646593093683 -0.300581379841254 -0.558244965777613 -0.773313256239287 0.785460362304175 -0.604821960689945 0.131310377024983 0 0 0 0 0 0
1016.77223735982 -67.4082979318148 -119.583635315983 -0.00769287223855797 0.0427123059175518 -0.999057795445551 0.811329923948587 -0.583755120595141 -0.031204385654629 0 0 0 0 0 0
1016.93639247749 -67.7846703014709 -119.732558303594 0.485166929809832 0.621403600850245 -0.615199654639862 0.784417475188472 -0.62018389727303 -0.00782036984395205 0 0 0 0 0 0
1016.25089310935 -67.3604753985194 -118.894768408797 0.0420193968264592 0.984396530569441 -0.170873757179631 -0.877813898328979 0.118051418263253 0.464226908467343 0 0 0 0 0 0
1016.15230288098 -67.0816156799346 -118.455112552348 -0.513130242813604 0.375328331938719 -0.771897659766764 -0.85186464846606 -0.112688204707676 0.511495834991037 0 0 0 0 0 0
1015.65677930994 -66.92185766217 -118.2278792058 -0.433015349913441 -0.0922720323154344 -0.896651313940719 -0.897304177622834 -0.0504405461535656 0.438521338278229 0 0 0 0 0 0
1015.19985154378 -66.7393602654332 -118.264205264455 -0.206613541416755 -0.769415471720846 -0.604409361592907 -0.9295149619808 -0.038507080030634 0.366768510429651 0 0 0 0 0 0
