           0  -0.624119   0.000  0.000  0.000   0 8.000000
        1000  -0.534524   0.176  0.588  0.000   0 8.000000
        2000  -0.647261   0.168  0.574  0.000   0 8.000000
        3000  -0.454177   0.170  0.580  0.000   0 8.000000
        4000  -0.616877   0.169  0.575  0.000   0 8.000000
        5000  -0.550412   0.171  0.575  0.000   0 8.000000
        6000  -0.366359   0.177  0.584  0.000   0 8.000000
        7000  -0.391418   0.178  0.589  0.000   0 8.000000
        8000  -0.403305   0.179  0.594  0.000   0 8.000000
        9000  -0.343556   0.178  0.597  0.000   0 8.000000
       10000  -0.477806   0.178  0.598  0.000   0 8.000000
       11000  -0.256803   0.178  0.599  0.000   0 8.000000
       12000  -0.380069   0.179  0.603  0.000   0 8.000000
       13000  -0.583352   0.178  0.602  0.000   0 8.000000
       14000  -0.533816   0.177  0.602  0.000   0 8.000000
       15000  -0.593051   0.178  0.601  0.000   0 8.000000
       16000  -0.434542   0.178  0.602  0.000   0 8.000000
       17000  -0.554629   0.178  0.602  0.000   0 8.000000
       18000  -0.545181   0.177  0.603  0.000   0 8.000000
       19000  -0.626859   0.177  0.602  0.000   0 8.000000
       20000  -0.493561   0.178  0.602  0.000   0 8.000000
       21000  -0.568835   0.178  0.601  0.000   0 8.000000
       22000  -0.410399   0.177  0.601  0.000   0 8.000000
       23000  -0.640000   0.178  0.601  0.000   0 8.000000
       24000  -0.339996   0.178  0.601  0.000   0 8.000000
       25000  -0.553478   0.178  0.601  0.000   0 8.000000
       26000  -0.554189   0.178  0.601  0.000   0 8.000000
       27000  -0.746082   0.178  0.601  0.000   0 8.000000
       28000  -0.537366   0.178  0.600  0.000   0 8.000000
       29000  -0.494733   0.177  0.599  0.000   0 8.000000
       30000  -0.708697   0.177  0.598  0.000   0 8.000000
       31000  -0.618263   0.177  0.597  0.000   0 8.000000
       32000  -0.695425   0.176  0.596  0.000   0 8.000000
       33000  -0.675980   0.176  0.595  0.000   0 8.000000
       34000  -0.539753   0.176  0.595  0.000   0 8.000000
       35000  -0.699445   0.176  0.594  0.000   0 8.000000
       36000  -0.713489   0.175  0.593  0.000   0 8.000000
       37000  -0.595573   0.175  0.593  0.000   0 8.000000
       38000  -0.526118   0.175  0.593  0.000   0 8.000000
       39000  -0.680278   0.175  0.592  0.000   0 8.000000
       40000  -0.767333   0.175  0.591  0.000   0 8.000000
       41000  -0.668980   0.174  0.591  0.000   0 8.000000
       42000  -0.600579   0.174  0.591  0.000   0 8.000000
       43000  -0.543251   0.174  0.591  0.000   0 8.000000
       44000  -0.566498   0.174  0.591  0.000   0 8.000000
       45000  -0.671694   0.174  0.590  0.000   0 8.000000
       46000  -0.696591   0.174  0.589  0.000   0 8.000000
       47000  -0.684229   0.174  0.589  0.000   0 8.000000
       48000  -0.398359   0.173  0.589  0.000   0 8.000000
       49000  -0.316792   0.174  0.590  0.000   0 8.000000
       50000  -0.445145   0.174  0.591  0.000   0 8.000000
       51000  -0.423457   0.174  0.591  0.000   0 8.000000
       52000  -0.330686   0.174  0.592  0.000   0 8.000000
       53000  -0.471828   0.174  0.592  0.000   0 8.000000
       54000  -0.475242   0.174  0.592  0.000   0 8.000000
       55000  -0.507746   0.174  0.592  0.000   0 8.000000
       56000  -0.498127   0.174  0.592  0.000   0 8.000000
       57000  -0.578489   0.174  0.592  0.000   0 8.000000
       58000  -0.631544   0.174  0.592  0.000   0 8.000000
       59000  -0.506840   0.174  0.591  0.000   0 8.000000
       60000  -0.509848   0.174  0.591  0.000   0 8.000000
       61000  -0.543003   0.173  0.591  0.000   0 8.000000
       62000  -0.679338   0.173  0.591  0.000   0 8.000000
       63000  -0.693643   0.173  0.590  0.000   0 8.000000
       64000  -0.472703   0.173  0.590  0.000   0 8.000000
       65000  -0.431884   0.174  0.591  0.000   0 8.000000
       66000  -0.638912   0.173  0.591  0.000   0 8.000000
       67000  -0.515741   0.173  0.591  0.000   0 8.000000
       68000  -0.714013   0.173  0.590  0.000   0 8.000000
       69000  -0.649859   0.173  0.590  0.000   0 8.000000
       70000  -0.442282   0.173  0.590  0.000   0 8.000000
       71000  -0.434120   0.173  0.590  0.000   0 8.000000
       72000  -0.640406   0.173  0.590  0.000   0 8.000000
       73000  -0.535103   0.173  0.589  0.000   0 8.000000
       74000  -0.514009   0.173  0.590  0.000   0 8.000000
       75000  -0.612127   0.173  0.590  0.000   0 8.000000
       76000  -0.327598   0.173  0.590  0.000   0 8.000000
       77000  -0.441810   0.174  0.591  0.000   0 8.000000
       78000  -0.271394   0.174  0.591  0.000   0 8.000000
       79000  -0.408852   0.174  0.592  0.000   0 8.000000
       80000  -0.371910   0.174  0.592  0.000   0 8.000000
       81000  -0.243526   0.174  0.593  0.000   0 8.000000
       82000  -0.173420   0.174  0.594  0.000   0 8.000000
       83000  -0.216882   0.175  0.595  0.000   0 8.000000
       84000  -0.346758   0.175  0.595  0.000   0 8.000000
       85000  -0.208265   0.175  0.596  0.000   0 8.000000
       86000  -0.369545   0.175  0.597  0.000   0 8.000000
       87000  -0.425965   0.175  0.597  0.000   0 8.000000
       88000  -0.371641   0.175  0.597  0.000   0 8.000000
       89000  -0.361845   0.175  0.598  0.000   0 8.000000
       90000  -0.290557   0.176  0.599  0.000   0 8.000000
       91000  -0.325114   0.176  0.599  0.000   0 8.000000
       92000  -0.314313   0.176  0.599  0.000   0 8.000000
       93000  -0.250002   0.176  0.600  0.000   0 8.000000
       94000  -0.268490   0.176  0.601  0.000   0 8.000000
       95000  -0.112071   0.176  0.601  0.000   0 8.000000
       96000  -0.116713   0.176  0.602  0.000   0 8.000000
       97000  -0.081133   0.176  0.603  0.000   0 8.000000
       98000  -0.172917   0.176  0.604  0.000   0 8.000000
       99000  -0.392460   0.176  0.604  0.000   0 8.000000
      100000  -0.428848   0.177  0.604  0.000   0 8.000000
      101000  -0.530082   0.177  0.604  0.000   0 8.000000
      102000  -0.507136   0.177  0.604  0.000   0 8.000000
      103000  -0.374284   0.177  0.604  0.000   0 8.000000
      104000  -0.221799   0.177  0.605  0.000   0 8.000000
      105000  -0.448218   0.177  0.605  0.000   0 8.000000
      106000  -0.335078   0.177  0.605  0.000   0 8.000000
      107000  -0.335701   0.177  0.605  0.000   0 8.000000
      108000  -0.407812   0.177  0.605  0.000   0 8.000000
      109000  -0.281687   0.177  0.606  0.000   0 8.000000
      110000  -0.431945   0.177  0.606  0.000   0 8.000000
      111000  -0.557635   0.177  0.606  0.000   0 8.000000
      112000  -0.469759   0.177  0.606  0.000   0 8.000000
      113000  -0.682951   0.177  0.606  0.000   0 8.000000
      114000  -0.707199   0.177  0.605  0.000   0 8.000000
      115000  -0.788184   0.177  0.604  0.000   0 8.000000
      116000  -0.720483   0.176  0.604  0.000   0 8.000000
      117000  -0.516110   0.176  0.603  0.000   0 8.000000
      118000  -0.514554   0.176  0.604  0.000   0 8.000000
      119000  -0.553500   0.176  0.604  0.000   0 8.000000
      120000  -0.592659   0.176  0.603  0.000   0 8.000000
      121000  -0.465660   0.176  0.603  0.000   0 8.000000
      122000  -0.321533   0.176  0.603  0.000   0 8.000000
      123000  -0.353300   0.176  0.604  0.000   0 8.000000
      124000  -0.264543   0.176  0.604  0.000   0 8.000000
      125000  -0.341936   0.177  0.604  0.000   0 8.000000
      126000  -0.338342   0.177  0.605  0.000   0 8.000000
      127000  -0.273191   0.177  0.605  0.000   0 8.000000
      128000  -0.346531   0.177  0.605  0.000   0 8.000000
      129000  -0.500332   0.177  0.605  0.000   0 8.000000
      130000  -0.430140   0.177  0.605  0.000   0 8.000000
      131000  -0.509296   0.177  0.605  0.000   0 8.000000
      132000  -0.571014   0.177  0.605  0.000   0 8.000000
      133000  -0.435035   0.177  0.605  0.000   0 8.000000
      134000  -0.394464   0.177  0.605  0.000   0 8.000000
      135000  -0.412935   0.177  0.605  0.000   0 8.000000
      136000  -0.452739   0.177  0.605  0.000   0 8.000000
      137000  -0.371171   0.177  0.605  0.000   0 8.000000
      138000  -0.366510   0.177  0.606  0.000   0 8.000000
      139000  -0.362157   0.177  0.606  0.000   0 8.000000
      140000  -0.421569   0.177  0.606  0.000   0 8.000000
      141000  -0.363710   0.177  0.606  0.000   0 8.000000
      142000  -0.462540   0.177  0.606  0.000   0 8.000000
      143000  -0.380745   0.177  0.606  0.000   0 8.000000
      144000  -0.347927   0.177  0.607  0.000   0 8.000000
      145000  -0.425613   0.177  0.607  0.000   0 8.000000
