t = 20000
b = 20 20 20
E = -0.739002984947031 -0.739002984947031 0
1154.20324498206 164.966388713373 -432.953217800829 -0.682986464062086 0.392498975650457 0.616014645947083 0.543236232419494 0.836725808158889 0.0691687628017779 0 0 0 0 0 0
1154.25198747049 165.14358704712 -433.55928117952 -0.823142616514196 -0.514584163236841 0.240082010621378 -0.407588532509903 0.829817064312869 0.381149875956421 0 0 0 0 0 0
1154.65975099142 165.476579852086 -434.529315773117 0.598841055029751 -0.656768127278602 -0.458306685312153 -0.0191100982439344 0.560381278500755 -0.828014267299161 0 0 0 0 0 0
1154.8687553406 166.370788695031 -434.197542798943 -0.284189812556912 0.628601465408173 0.723944989709553 0.953448477476605 0.10586081633504 0.282364106009284 0 0 0 0 0 0
1155.19740913351 166.743208487027 -434.245252997709 -0.242494111270811 -0.110943356023966 0.963788450726154 0.875749672611322 0.402431202024375 0.26666765562846 0 0 0 0 0 0
1155.39090053449 167.224598587955 -434.1481695781 0.02781196822975 -0.602693048494876 0.797488296916726 0.809496594074096 0.48164075483234 0.335763975832684 0 0 0 0 0 0
1155.60226602219 167.51672026356 -433.738152931338 0.376428385610947 -0.909238077683444 0.17772953777257 0.886363383985641 0.409270861427378 0.21646550190738 0 0 0 0 0 0
1156.29374650712 167.64007522183 -433.469967728532 0.402123241359666 -0.896584602072464 0.185561176125172 0.524174804458103 0.0592695572584602 -0.849545698567002 0 0 0 0 0 0
-2303.80025377041 4326.547837231 -4753.68540576207 -0.0693432894957557 0.860877150258884 0.50406551197642 -0.995592406723667 -0.0917030150813221 0.0196549408335719 0 0 0 0 0 0
-2304.23079623378 4326.46916988084 -4753.44249678678 0.0212744029078408 0.999219234209643 0.0332914668707898 -0.998095512656383 0.0231554604791496 -0.0571766758844094 0 0 0 0 0 0
-2304.58194226015 4326.48370181061 -4753.18609238364 -0.0568130898150301 0.707691104488883 -0.704234033154444 -0.952501213497345 -0.249801335229127 -0.174185909888918 0 0 0 0 0 0
-2305.09977324833 4326.65615205661 -4753.12682929381 0.269203485256325 -0.0978163243288576 -0.958103047808867 -0.958879069877212 -0.120076648411688 -0.257162454214508 0 0 0 0 0 0
-2305.58814998078 4326.83679506422 -4753.31049875173 0.400563790978361 -0.458610597827665 -0.793237019381468 -0.893743362802715 -0.0047801896082493 -0.448553175480236 0 0 0 0 0 0
-2305.78932310081 4326.95650786883 -4753.70748114917 -0.0192904268649451 -0.987521582292665 -0.156297805287087 -0.766618533473768 0.114960602596325 -0.631727855951611 0 0 0 0 0 0
-2306.64178216182 4327.3105844728 -4753.76034494891 -0.233296679441558 -0.791463519162003 -0.564940843980359 -0.594939253950812 0.575722711292714 -0.560883805979649 0 0 0 0 0 0
-2306.91418380512 4327.40356737969 -4754.22110434138 0.376791805696556 -0.80825938800909 -0.452487233913952 -0.528890232722168 0.213312843306564 -0.821445526259386 0 0 0 0 0 0
