t = 145238
b = 20 20 20
E = -0.547057803031902 -0.547057803031902 0
1215.19745030052 13.2626333070513 -472.404303299251 0.439354835200342 0.676906590942803 0.590563117646413 -0.157736615668691 0.705331614669126 -0.691105254954383 0 0 0 0 0 0
1214.98714189537 13.6665848843008 -472.585927579787 0.909776900871665 0.322991260609256 0.260734800535728 -0.0812277089801484 0.75451084102476 -0.651241468327947 0 0 0 0 0 0
1215.10830220768 14.1397065158715 -472.767029182341 0.951261750195429 -0.27248236589957 -0.14441067442864 0.101705399481233 0.719283414755841 -0.687231679256393 0 0 0 0 0 0
1215.28525533784 14.5873534081245 -473.021124018673 0.710245705444911 -0.666460651760567 -0.226674298392931 0.315157273325575 0.588967838693712 -0.744172545888685 0 0 0 0 0 0
1215.56077487489 14.9495266266258 -473.357414860644 0.31975821866157 -0.875187867088505 -0.363043907674329 0.545747325266353 0.48333822161772 -0.684502754185877 0 0 0 0 0 0
1216.04097341732 14.8994601091568 -473.339701591019 -0.10449532409999 -0.992152973950185 0.068652775057286 -0.242142177684209 -0.0415720416602538 -0.969349746551027 0 0 0 0 0 0
1216.51473019839 16.0443674505569 -473.553569090438 0.968263377390996 -0.0472794633104946 -0.24541940500389 -0.206534702013224 0.401608090506365 -0.892218783989768 0 0 0 0 0 0
1215.26620017023 16.1513936994863 -472.827351760848 -0.53794872720571 -0.7433226061446 0.397596114282036 0.695783106049469 -0.125243794545742 0.707248090321877 0 0 0 0 0 0
-2317.13048198387 4268.45105790684 -4817.50929329482 -0.515184670397849 -0.592460793665466 -0.619334290473503 0.407998854052742 -0.805010220361891 0.430691862245554 0 0 0 0 0 0
-2317.24419300288 4268.05656502636 -4817.20397348249 0.0331347084156733 -0.429070219578207 -0.90266319176606 0.282381730967442 -0.86234213554178 0.420269674477104 0 0 0 0 0 0
-2317.38471927911 4267.57530170227 -4817.18381969523 0.834589901668058 -0.11730369859931 -0.538237436758716 0.194654988998863 -0.851234075469375 0.487349960518776 0 0 0 0 0 0
-2317.84860740594 4267.16915724428 -4817.28041518195 0.980485616191396 -0.164689663729384 0.107355815410526 0.187656944627585 0.946804973141438 -0.26142917581568 0 0 0 0 0 0
-2318.79465755815 4267.41150470939 -4816.30143047961 -0.0303473348269939 -0.20071279531925 0.979179969701202 -0.685134010954241 0.717466080894713 0.125832467190824 0 0 0 0 0 0
-2319.21662470985 4267.48559203293 -4816.08158030934 0.482530190719116 0.406595867576669 0.775786320783078 -0.774415958778162 0.611847869749467 0.161003438077327 0 0 0 0 0 0
-2319.38095172644 4266.82781957063 -4816.27797236504 -0.960638913603866 0.185817634182413 0.206505894581415 -0.0738848297078458 -0.887486155542138 0.454872900555822 0 0 0 0 0 0
-2319.54186072878 4266.33858381899 -4815.94779622429 -0.812559981176607 0.574321731369869 0.0995028937598167 -0.413882069655238 -0.688705357328926 0.595303757089015 0 0 0 0 0 0
