t = 63127
b = 30 30 30
E = -0.982750415003389 -1.2648433221613 0.282092907157912
-83.4692967004199 -25.1737408768353 -79.1626787854441 0.165577516585299 0.146340944848609 -0.975278633961751 0.967779127924706 -0.214340736369395 0.132142378841512 0.409368508482605 -0.218554444192652 0.276596121289644 -0.0813722947466371 0.111660833970554 -0.288038929529493
-83.8851483789404 -24.9438218921543 -79.2612021075357 0.14587810715407 -0.563243655658098 -0.813311848071829 0.989255317936731 0.0910844887967435 0.114357036663828 -0.414194823671959 0.345768187612616 -0.00581566244545177 0.113476096948914 0.187697153197585 0.516567514082158
-84.4241160876139 -24.9198406254268 -79.5645825140309 0.415605416280287 -0.825806297036922 -0.381203485992231 0.903522940140961 0.326694511115087 0.27733913003088 0.0396368080174909 0.0585350235218037 0.166747519821148 -0.243991121081234 -0.251017410858902 -0.148890308049346
-84.7478721835545 -24.9835831409428 -79.9705940140621 0.267567336128613 -0.916306144002449 0.297977803033091 0.914028510287302 0.33923342790711 0.222424287730519 -0.654427108831955 -0.0863366737995719 -0.334700208497128 0.0341034355794895 0.115292833287698 0.219748266046594
-84.9984960148499 -25.3904854051805 -80.3263547540552 0.15206062815899 -0.478222795273055 0.864974290626655 0.827217508286372 0.540530029573599 0.153422557381948 -0.321432895346415 -0.106103912959112 0.242419203873044 -0.0507033531453344 0.278568284381362 -0.223926874763984
-85.2326709885579 -25.8023654073498 -80.4289903867282 -0.140404451837796 0.17531152431632 0.974449823924245 0.861364430850166 0.50692027176834 0.0329113253531929 -0.00719990646894181 -0.40390560498135 0.0436810888338705 0.0522839123056156 0.0742337476077293 0.241317939893999
-85.6254294834801 -26.1869786214343 -80.3441930620355 -0.15217213436219 0.490998631866926 0.857766859367088 0.916257378534656 0.395472721413196 -0.0638258795382494 0.165428737441455 0.567725932196449 -0.529048953197137 -0.152919203890401 0.117157920154394 0.0480824109582561
-86.0344574544739 -26.421865134174 -80.1257661427752 -0.0825302081926966 0.850411059655894 0.519605421787149 0.996576063286441 0.0730353524772355 0.0387554818445127 0.28260667762162 -0.130038871412631 -0.0459584109585744 0.055199810539419 -0.401468397265964 -0.124260795334075
-86.417394218698 -26.526089197665 -79.8536902527033 -0.0885269337624159 0.970087304226942 -0.226038943937351 0.995722524515741 0.0922130591731034 0.0057797828614693 0.0696974313792002 -0.0920749117636253 0.156268793990919 0.0623110728581506 -0.135489175261313 0.210410030550708
-86.8967192159824 -26.3916901523978 -79.5897459543374 0.0778533479679678 0.586917525914965 -0.805894952201594 0.993265803596521 0.023906119154854 0.113364636781859 -0.167376557182022 -0.507996435373852 0.76198993851986 0.100444049455824 -0.19425633311992 0.282835266906193
-87.4043087332579 -26.1543116538726 -79.6196411687481 0.307630937573962 -0.113733640743222 -0.944684002834107 0.947821506756123 -0.0506559175994936 0.314751281717332 0.112971667100966 0.53609403307948 -0.0391080272108455 -0.328788359996988 -0.0709152478350866 -0.0999949360036254
-87.8601337683543 -25.8208494109015 -79.9383186203757 0.376247595119106 -0.574514637219668 -0.726891105178378 0.783112144654618 -0.222080759071855 0.58087477595823 -0.332153656497555 0.275619096782714 0.0657530999685813 0.50487908201228 0.297226573851872 -0.388737194410895
-88.1140339638672 -25.6599674804002 -80.3124674358072 0.19525797598671 -0.940588514755254 -0.277790512300345 0.885142449474811 0.0470252121474269 0.462937872246558 -0.185579270254524 -0.198152151978312 0.320617541597644 0.0387219788570738 0.355022610256714 -0.135027695694191
-88.5271738911266 -25.7139051671043 -80.6480469395884 0.274361571796628 -0.929991646622899 0.244624743501031 0.868036551070126 0.348980239993533 0.353164746400775 0.251918999306466 -0.276679092287966 -0.62100770330192 0.0407873091774979 -0.238753310584761 -0.511929737310699
-88.7095519124906 -26.0480343523501 -81.1589649814853 -0.0755466125299649 -0.711134823328499 0.698984958625562 0.869422702590519 0.296267885111212 0.395385260817709 0.131174486636723 -0.0223575343293762 0.226887649500676 -0.0017450614811905 -0.228527876986777 0.0777619909157295
-89.0408918217119 -26.3812113545569 -81.3822093699053 -0.168013155262203 -0.254200695849464 0.952446106553257 0.927649787000829 0.286120152665301 0.240002356063636 -0.515284708637899 -0.362373661715348 0.226082566412347 0.759233651517939 0.217336015050298 -0.418052486847708
-89.3661610132454 -26.8273823850214 -81.4032825751205 -0.382614224908775 0.446629482394455 0.808782084589846 0.870966689125953 0.466433687428217 0.154455953802724 -0.156758128747179 -0.258728858964554 -0.0257600782490915 0.140479888168817 -0.0738203792232539 0.324798106312904
-89.7876175427369 -27.1105680709883 -81.3101434039953 -0.26589724655323 0.843433749163181 0.466817057366106 0.962233118410735 0.2028977992757 0.181493550526426 0.403796031434035 -0.0806989067496447 0.156359420922653 0.288605160248612 -0.108782570321133 0.674831544886582
-90.2279312521062 -27.2015659601255 -80.9894221166024 -0.123143056432187 0.957230819948906 -0.261810895480906 0.975982081907661 0.164590434562594 0.142719881746316 -0.471489718647205 0.018880548448737 -0.233017772894056 -0.105885253869251 0.206055684213591 0.158828189857936
-90.6777247334342 -27.0716955676803 -80.8790019859703 0.0849166993486134 0.648127682839787 -0.756782439614226 0.94920554505403 0.178335983279106 0.259239484466696 0.435106421955034 -0.0805871222620994 -0.219114484554696 -0.0535712593007913 0.126485566717725 -0.023765017629844
-91.6141809363441 -29.3112855891821 -81.9653237969911 0.465312887561489 -0.4267473980448 0.775480866902075 -0.674370671081472 -0.738391041963307 -0.00169326118254703 0.299555312813186 -0.132431703051237 -0.647977010852923 -0.0621941364640052 0.271129982190603 0.23722541298957
-91.3057880147143 -28.9297004397338 -81.7417239720789 0.621253646169666 -0.777609318681614 0.0967866448453235 -0.702393641801825 -0.60735870580419 -0.371158422294564 0.142736889452103 -0.472030396636649 0.0335788242572243 -0.0736566517107135 -0.275034696122981 -0.0433398107074146
-91.9588283079183 -27.4954579298286 -81.8101881457809 0.0577166577388005 0.638687496098183 -0.767298553202921 -0.745750827127068 -0.483391277151518 -0.458463277714934 -0.415990955055277 -0.225702488054948 0.363072219295722 0.0763400037840077 -0.254791266777538 -0.050574837830583
-91.4203809429898 -27.4256272656045 -81.8903043751258 -0.593624571426781 0.802084473939025 -0.0653480287713888 -0.734538516288087 -0.573219838186751 -0.363142100559055 0.0824150199605857 0.0195600489688701 -0.809405551001993 -0.0642634815953443 0.189723044665096 -0.268061108886788
-91.0363864766992 -27.0865283010476 -81.9279197621642 -0.748518332048356 0.515195248098613 0.417485524209072 -0.658630110190979 -0.504524017014726 -0.558266866476156 0.00788029585281566 0.255354913925191 -0.0268548073425349 -0.130163636863475 0.161583535112162 -0.205716903080011
-90.8254858784946 -26.594819093897 -81.8939747892554 -0.484501836257789 -0.0236589860359616 0.874470252805995 -0.751510941314114 -0.500404609780546 -0.429914563134994 0.261637536229455 -0.176629172973479 -0.33571127629112 0.441502526144917 0.234892679371544 0.258588479886353
-90.620507828881 -26.1777116114792 -81.6283536527745 -0.0801934694624441 -0.793293620434977 0.603534787094105 -0.74195614455392 -0.356827694804482 -0.567604682661442 0.238137004840933 -0.0169677005010459 0.216889679626282 0.575697576242883 0.4157573400941 -0.358323762779676
-90.3774420765135 -25.9998216983389 -81.2267992995636 0.182593166020639 -0.979918404924151 0.0801227521585047 -0.838487954435054 -0.197757352199161 -0.507769613031829 -0.120317996140192 0.052961197460892 0.0433317855176886 0.274496604220894 -0.0593930345111379 -0.0694564208674865
-90.1040507445981 -26.1092436240905 -80.7930816003014 0.361548546504131 -0.82854514218534 -0.427546016098651 -0.817360624762913 -0.0610489517145387 -0.572882740691083 -0.4063317660871 0.324232102598684 -0.76935767231357 -0.15229518647568 0.12499878563478 0.153323497475756
-89.7488130086011 -26.378593795534 -80.3907914427348 0.372535813485039 -0.293506274160949 -0.880381243950133 -0.89473682436671 0.138182189986917 -0.424678345919064 0.552396869197282 0.172184468308057 0.342428492282492 -0.211305532065431 0.200954276499302 -0.406132206362766
-89.3078458550684 -26.7160623560879 -80.2588064101806 0.25020930277684 0.30736042314416 -0.918109402570611 -0.965665959168103 0.147675501496905 -0.213731611049013 0.127477289428866 0.307984294813836 -0.625406060123325 0.0410612325636849 0.26338926955152 -0.0543706564147713
-88.7864602003451 -26.8397638432347 -80.2466733174692 0.0681672317964817 0.647627299347362 -0.758901910426649 -0.945725503086987 -0.200310750332957 -0.255888405583234 0.0333299709591787 0.121725699862766 -0.128824280804969 -0.302914316725495 -0.00542224300769094 0.245094906166334
-88.2158023863518 -26.9144148417303 -80.384679335342 -0.18463400596092 0.916788673312856 -0.354131066595427 -0.917384023880218 -0.29003476235769 -0.272555295955533 0.564652363792251 -0.104465560784372 -0.0220906769152643 0.0257347097182729 -0.0864364318861664 -0.0572452199271708
-87.7755286728088 -26.7141806052244 -80.6402429359055 -0.33611950997674 0.909314030756327 0.245299140811115 -0.938924531064753 -0.343926419767253 -0.0116336903384327 -0.152713168959627 0.101346914094757 0.245934655298426 0.396780570928815 0.293822016549053 -0.225266265413631
-87.3931086710941 -26.4419807624851 -80.8215008363352 -0.336632021694774 0.535749219637497 0.774371781270111 -0.924943550947854 -0.342292800965463 -0.165272701820857 -0.039945595439569 0.0405532661006233 -0.166253153510452 -0.195514442104902 0.29824439109923 -0.122424493708762
-87.0057734461564 -26.0702803436941 -80.7446153326648 -0.462878620789763 0.0678739700291471 0.8838192725938 -0.848598803718851 -0.322076427378167 -0.419698517098005 0.536061037516584 -0.446748237363694 -0.315871729144914 0.12402120761371 -0.306966988356498 -0.167812763446098
-86.7416808974258 -25.6528508801894 -80.487694878101 -0.183141597785466 -0.624379551004975 0.759347964669312 -0.760402860728855 -0.399596302897062 -0.51196707326387 -0.278678849464748 0.284900056316116 -0.440132094181942 0.151582719709008 0.163389812036555 0.125319895682394
-86.573449304147 -25.348964826738 -80.112412328045 0.213838486575667 -0.937588756494784 0.274226959567513 -0.881109832870915 -0.30633366721647 -0.360284813373939 0.0422680194277628 -0.193693382577648 -0.447062217110472 0.117954709639766 -0.10791109167308 0.0568748036777194
-86.2143389761406 -25.3249992240582 -79.6632134283899 0.226865614624517 -0.916624168023806 -0.329138462498202 -0.890997725465363 -0.0588759878892718 -0.450174045526427 0.171852844378206 0.400991238196308 0.398558004893755 0.192221973343901 -0.361298611526844 0.26438134667986
-85.8385770902705 -25.536379460164 -79.3439297281578 0.28024311730227 -0.493019043498175 -0.823647993959108 -0.941759668605849 0.0249427316954962 -0.335360383353414 0.356410588114056 -0.140856632189891 0.28890393789986 -0.137486657875151 -0.658276894336025 0.400969118440866
-85.3782609608409 -25.7600936038512 -79.2206765646717 0.170645747971956 -0.0303499228561748 -0.984864920119362 -0.984262871638905 -0.0518096256735837 -0.168944849583284 0.0225426479244375 0.548977722711974 0.157194348927384 0.161085043807689 0.253770587851219 -0.117828585370815
-84.8559362472186 -25.9506057780073 -79.2356563213131 -0.136442741308657 0.493588827198735 -0.858925752325969 -0.979287619980023 -0.198132615985758 0.0417040026434001 0.0334691344207552 -0.507097516298042 -0.499524331034879 0.779297206981785 -0.129017414788099 -0.435557115073537
-84.4272889423485 -26.0675372320197 -79.5273331496452 -0.287142244004911 0.918461212124921 -0.271989583495161 -0.957265282076071 -0.285381036367497 0.0469131518193112 0.434650169557394 -0.0939882919736046 0.056506509199501 -0.335820349612092 0.433259518022553 0.017633207433091
-84.0595844391601 -25.956346839605 -79.9920951176872 -0.230739016016971 0.908993946708863 0.347115991181896 -0.920028835788282 -0.319936542950249 0.226246656998686 0.156095508079751 -0.220884795552525 0.0699312269285947 -0.464236265088416 0.0439003556923066 -0.0450968834481587
-83.7239082431777 -25.5895041912948 -80.3112481758891 -0.120019473857828 0.467995129032099 0.875543194306907 -0.806596189627497 -0.560129486550668 0.188832055475055 0.158212332398831 0.206311218299057 0.607467450715415 0.241787729270251 0.057072786687014 0.280818761280686
-83.4668932374708 -25.1368837402026 -80.3835160383319 0.159749814502383 -0.0961140880970989 0.982467342376164 -0.926705601511782 -0.357531655106633 0.115705849996466 -0.31531525662467 0.309752991297539 0.454587005025556 0.0125032689784282 -0.211610509180961 -0.702196267281335
37.1347757980923 -155.34499615588 -88.5073748182863 0.859265040240655 -0.412626887872149 0.302328698646317 -0.501412039863275 -0.562442753672641 0.657452747443702 -0.123219841384131 0.514682603270469 -0.133259213139391 -0.509441328736749 -0.2395951648893 0.119692334368423
37.4944113242632 -154.996921575467 -88.5901120095835 0.568343877978967 -0.814771328893007 -0.114598944051699 -0.660898936530197 -0.535030261912686 0.52626534612391 0.403753119901558 0.104296462945454 -0.258876246591761 -0.449219594492849 -0.194352606064859 -0.370644760291377
38.0369580486149 -154.917870301516 -88.610863979471 0.229087812650354 -0.503817481150419 -0.832878574452694 -0.540713489599771 -0.777346261433399 0.321499163296499 -0.52351793966294 0.0682974069886657 0.199606916362637 0.464429602446827 -0.365772183053207 -0.282989998501901
38.418116688011 -154.639682178179 -88.8269361391 -0.347345958769748 -0.297552335687582 -0.889276893016564 -0.347491945533693 -0.839966006488176 0.416781064509236 -0.800781993442661 0.0499796763879443 0.0976706853044231 0.207194664494856 0.364976292376623 0.383478044948904
38.5695975096302 -154.235607805364 -89.1958991792367 -0.653054653737856 -0.255719929005651 -0.712830230237677 -0.110134262721365 -0.899189162970322 0.423472895675255 -0.497184721207763 0.110738622647469 0.293368325376896 -0.269646527675661 0.652677094200124 -0.196998215905835
38.5998312660476 -153.946537022053 -89.6154739803506 -0.995442190177603 0.0953279339357336 0.00272599082025174 -0.0724098001868853 -0.774108263442086 0.628898415729898 0.264930083969899 0.642004208906181 0.185766461411306 0.0924299941642232 0.14358219824328 0.0657722393502124
38.7173505262364 -153.799077776221 -90.1019954996858 -0.444226510946294 0.50337657031018 0.741130781600148 -0.114889701689045 -0.852410803454196 0.510094284030297 -0.365629015971051 -0.467517979991189 -0.064151401174652 -0.206866665705427 0.853544562582598 -0.0352233703405748
38.7895104388232 -153.347943032743 -90.4633861096313 -0.0472049961134475 0.101451555818982 0.993719915350328 -0.439251937409781 -0.895588087148632 0.0705670860900474 0.497774949294301 -0.169364659561772 -0.0546668504768325 0.283610079598582 -0.230906026884202 0.1362864429953
38.7972566280642 -152.791821140629 -90.3401292255861 0.297529920536643 -0.307359281752705 0.903883962854698 -0.400943246487007 -0.899451110941827 -0.173874127235771 0.254589854418676 -0.0887887931793031 -0.537715030594467 -0.120607161097634 -0.197797307474538 0.133666654245887
38.7608110025082 -152.34342831338 -90.1255942742144 0.7922239595298 -0.539817280676018 0.284567217771941 -0.567538326734691 -0.823138430826674 0.0185302828737013 0.177923697670899 -0.289240581827472 0.534117493264148 0.494932221866145 0.594507958946587 -0.107254108071603
39.0435879836341 -152.071728236649 -89.7871359187783 0.717743561308589 -0.417830638117021 -0.557011434398587 -0.602116952238501 -0.774199851090723 -0.195114751872107 -0.0884941586020137 0.107882299471883 0.208877279285409 0.456362396897198 0.398020726534782 -0.209024036899006
39.0130676751641 -151.235367208078 -88.7229909491054 0.936197044983746 0.240063489948412 0.25671893922638 0.291078682078142 -0.120174848260817 -0.94912128133614 0.0975312554566936 -0.0191136860951324 0.0195190996469439 0.584433379750856 -0.218922238080315 0.377464223104447
39.0936431620709 -151.446509413287 -88.2985863901824 0.531734450753706 0.838716987678967 0.117525692767057 0.194784854891101 0.0139369412898337 -0.980746971431742 0.141722424033001 0.396881295239461 0.148228023141671 -0.00348038722400814 0.717966100443431 0.323794202300001
39.2150993174406 -151.52459828754 -87.8466277538763 -0.190839461302895 0.972143927153781 -0.136075291319223 0.359026682007962 -0.0598929405500352 -0.931403606004734 -0.295479461303418 0.274300920526049 0.29713246256528 -0.321697673347055 0.378754775905599 0.0307831779900416
39.1542503656609 -151.443760633582 -87.3098356418994 -0.425310200147207 0.737204427765758 -0.525015109623769 0.620965321831496 -0.184323194536264 -0.761857617300378 -0.17586235130273 0.200250625670836 -0.156752410118487 -0.0641732538970146 0.250035615201293 -0.378532426406671
39.1047389580532 -151.0918339193 -87.0035747448722 -0.883362183976854 -0.0154766029117411 -0.468435402891274 0.428563632563264 -0.43129887732253 -0.793923479476751 0.388083550794991 -0.252076682369194 -0.0211347655179355 0.0469093065457538 0.194709578574306 -0.550449688027249
38.9187103737308 -150.691142240493 -86.8568969394629 -0.755688032932383 -0.654856189258282 0.00994827989378361 0.377560815203655 -0.448007081666799 -0.810393414089189 -0.0796424764075686 -0.159165723239805 -0.487552197318481 -0.542976410243584 -0.00942884801172594 0.528036034373108
38.5114595439991 -150.459020468789 -86.686787277558 -0.174261440145885 -0.884581610408403 0.432606431997462 0.518586817505553 -0.455909598711191 -0.723335434298939 -0.383970954848513 0.0444902801170808 -0.121277777321663 0.127497496023916 0.233103647967182 0.260622414800171
38.0762948180819 -150.521946963566 -86.5968938629011 0.400373976593326 -0.231095957056504 0.886732957264465 0.761727336883193 -0.453981981972502 -0.462246497324966 -0.24392966443387 0.162840999024121 0.24962272673206 0.26415340888737 0.161107092550309 -0.218783988728608
37.7003406666323 -150.814757111607 -86.3231062565701 0.341610298539829 0.741383386598907 0.577627109826627 0.937977704866703 -0.230252032670941 -0.259194572905859 -0.340811503614634 0.329162906042061 0.244616341785643 0.0975337212608244 -0.175511539945089 0.42639290163272
37.4013100433009 -150.785097456113 -85.8909511003107 0.165241569050789 0.906014093363305 -0.389658422832953 0.855186112283083 -0.328428357165178 -0.400988188813477 0.711643637400357 0.596091260950497 0.0683160103251831 -0.334352931171683 0.482603344497147 -0.219306342959847
37.18420009089 -150.53942188368 -85.5418487584296 -0.232185671110256 0.341379227953959 -0.910796375076594 0.948923360262937 -0.126151972245762 -0.289188755393137 0.414152898157297 -0.214920636036946 -0.124967031635517 -0.0590028703928356 -0.174104765615375 0.150438059441767
36.8171165042701 -150.206054941866 -85.4179233948514 -0.338152870572865 -0.549558423017865 -0.763962156008692 0.929574747783413 -0.0684414944603403 -0.36222444715868 -0.771605659297508 0.372292689916906 -0.431667443477197 -0.0497613645191749 -0.0337407543832356 -0.386460762739598
36.3727161829517 -149.927994748741 -85.5621159264436 -0.0640804551499638 -0.974340349591644 0.215765100109719 0.922345091470668 -0.140374081885358 -0.359964789076356 -0.382262681797899 0.126661940742339 -0.725201498765184 0.484900167124213 0.26518518840794 0.108674736136733
35.9667831354156 -150.110368069443 -85.6701192807404 0.0904807801581021 -0.340314430697332 0.935948351502984 0.879774061985064 -0.413101075052603 -0.235255396640942 -0.426446590312369 -0.26504662009068 0.612164073042235 -0.215932602922504 0.299382702379248 -0.268025687322931
35.4894841761568 -150.179142243515 -85.5389787595209 0.508486939434454 0.423456107788467 0.749750596666134 0.84253978109558 -0.424346382577243 -0.331748194968781 0.0768887348372607 -0.119231132696226 0.0603647218065665 0.248941091591046 -0.0462326629645909 0.00845229073514529
