t = 0
b =  60.0 60.0 60.0
E = 0. 0. 0.
9.26814523591 59.0214784699 50.8915218236 -0.637794294799 0.522157189932 0.566189285067 0.760639714184 0.5425232611 0.356504889688 0.0 0.0 0.0 0.0 0.0 0.0
9.44934431655 59.5239616378 50.833533366 -0.445677584647 0.0371109353815 0.894423987278 0.760639714184 0.5425232611 0.356504889688 0.0 0.0 0.0 0.0 0.0 0.0
9.52895117774 60.0349042447 50.9794288844 -0.0842405087561 -0.462034383982 0.882852062751 0.760639714184 0.5425232611 0.356504889688 0.0 0.0 0.0 0.0 0.0 0.0
9.58935541231 60.4405260991 51.3265705582 0.309200944838 -0.785645116068 0.535869879085 0.760639714184 0.5425232611 0.356504889688 0.0 0.0 0.0 0.0 0.0 0.0
9.72024201198 60.6670601247 51.7958637879 0.585171789923 -0.810776133274 -0.0146982309118 0.760639714184 0.5425232611 0.356504889688 0.0 0.0 0.0 0.0 0.0 0.0
9.98451853958 60.7087777051 52.2618065554 0.638826088467 -0.527879741995 -0.559682237244 0.760639714184 0.5425232611 0.356504889688 0.0 0.0 0.0 0.0 0.0 0.0
10.3944154941 60.6301650818 52.6001697392 0.449779675399 -0.0444330110533 -0.892033604259 0.760639714184 0.5425232611 0.356504889688 0.0 0.0 0.0 0.0 0.0 0.0
10.9068397399 60.5414239522 52.735193835 0.0898544437318 0.455894563667 -0.885486491009 0.760639714184 0.5425232611 0.356504889688 0.0 0.0 0.0 0.0 0.0 0.0
11.4397463089 60.5566040027 52.6683712572 -0.304207993395 0.7830201715 -0.542528255281 0.760639714184 0.5425232611 0.356504889688 0.0 0.0 0.0 0.0 0.0 0.0
11.9033086562 60.750273526 52.4778793466 -0.582696727745 0.812663324781 0.00654553521759 0.760639714184 0.5425232611 0.356504889688 0.0 0.0 0.0 0.0 0.0 0.0
12.2340452661 61.1291896797 52.2888794909 -0.639809233054 0.533562093971 0.553132567451 0.760639714184 0.5425232611 0.356504889688 0.0 0.0 0.0 0.0 0.0 0.0
12.4189373412 61.6297313295 52.2259662214 -0.453847513687 0.0517517029793 0.889575289427 0.760639714184 0.5425232611 0.356504889688 0.0 0.0 0.0 0.0 0.0 0.0
12.5003748613 62.1420697816 52.3658316671 -0.0954615359438 -0.449720025217 0.888053486044 0.760639714184 0.5425232611 0.356504889688 0.0 0.0 0.0 0.0 0.0 0.0
12.5600519213 62.5518945399 52.7081289329 0.299191875336 -0.780335596915 0.54914531585 0.760639714184 0.5425232611 0.356504889688 0.0 0.0 0.0 0.0 0.0 0.0
12.6879297786 62.7838417742 53.1756038907 0.580177290954 -0.81448862883 0.00160765894452 0.760639714184 0.5425232611 0.356504889688 0.0 0.0 0.0 0.0 0.0 0.0
12.9480590677 62.8301263 53.6434453144 0.640743653692 -0.539203813129 -0.546540774472 0.760639714184 0.5425232611 0.356504889688 0.0 0.0 0.0 0.0 0.0 0.0
13.3542458928 62.7534992997 53.9867027514 0.457880789729 -0.0590664538127 -0.887049229993 0.760639714184 0.5425232611 0.356504889688 0.0 0.0 0.0 0.0 0.0 0.0
13.8648066583 62.6634080993 54.1277572885 0.10106135839 0.443511238845 -0.890552852367 0.760639714184 0.5425232611 0.356504889688 0.0 0.0 0.0 0.0 0.0 0.0
14.3984043637 62.6744152998 54.0658102749 -0.294152972657 0.777591596753 -0.555720556877 0.760639714184 0.5425232611 0.356504889688 0.0 0.0 0.0 0.0 0.0 0.0
14.8649498897 62.8626745292 53.8771867428 -0.577613671417 0.816251906417 -0.00976073067717 0.760639714184 0.5425232611 0.356504889688 0.0 0.0 0.0 0.0 0.0 0.0
15.1998283611 63.2369984064 53.6863382519 -0.64162927922 0.544804469828 0.539907360297 0.760639714184 0.5425232611 0.356504889688 0.0 0.0 0.0 0.0 0.0 0.0
15.3884474181 63.7355104796 53.6185616608 -0.461879196377 0.0663767065071 0.884455618325 0.760639714184 0.5425232611 0.356504889688 0.0 0.0 0.0 0.0 0.0 0.0
15.4717810978 64.2491531251 53.7523967557 -0.106653484623 -0.437268677376 0.892984399642 0.760639714184 0.5425232611 0.356504889688 0.0 0.0 0.0 0.0 0.0 0.0
15.5308031123 64.6631203619 54.0897876725 0.289091669091 -0.774788379981 0.562253477632 0.760639714184 0.5425232611 0.356504889688 0.0 0.0 0.0 0.0 0.0 0.0
15.6557235818 64.9004745631 54.5553442873 0.575006064362 -0.81795302326 0.0179130590924 0.760639714184 0.5425232611 0.356504889688 0.0 0.0 0.0 0.0 0.0 0.0
15.9117167019 64.9513763469 55.0249841845 0.642466042193 -0.550363637558 -0.533232830087 0.760639714184 0.5425232611 0.356504889688 0.0 0.0 0.0 0.0 0.0 0.0
16.3141599764 64.8768227222 55.3730736413 0.465842429136 -0.0736819043582 -0.881794651938 0.760639714184 0.5425232611 0.356504889688 0.0 0.0 0.0 0.0 0.0 0.0
16.8227920474 64.7854733051 55.5201579794 0.11223748878 0.430992816203 -0.895347942698 0.760639714184 0.5425232611 0.356504889688 0.0 0.0 0.0 0.0 0.0 0.0
17.3570086574 64.792368714 55.4631477259 -0.284008350075 0.771926160073 -0.568743580608 0.760639714184 0.5425232611 0.356504889688 0.0 0.0 0.0 0.0 0.0 0.0
17.8264855551 64.9752247154 55.2764923552 -0.572354668369 0.819591849814 -0.0260640233588 0.760639714184 0.5425232611 0.356504889688 0.0 0.0 0.0 0.0 0.0 0.0
18.1654941881 65.3449067047 55.0838956896 -0.643253878891 0.555880892966 0.526517692131 0.760639714184 0.5425232611 0.356504889688 0.0 0.0 0.0 0.0 0.0 0.0
18.3578730792 65.8413017611 55.0113187484 -0.46977018619 0.080981491047 0.879066533474 0.760639714184 0.5425232611 0.356504889688 0.0 0.0 0.0 0.0 0.0 0.0
18.4431678416 66.3561565509 55.1391250513 -0.117812945617 -0.424684133259 0.897643301542 0.760639714184 0.5425232611 0.356504889688 0.0 0.0 0.0 0.0 0.0 0.0
18.5016071394 66.7742045791 55.4715491729 0.278903402723 -0.769005155 0.575190371558 0.760639714184 0.5425232611 0.356504889688 0.0 0.0 0.0 0.0 0.0 0.0
18.6236224765 67.0169578581 55.9350879579 0.569659685353 -0.821168261276 0.0342130027489 0.760639714184 0.5425232611 0.356504889688 0.0 0.0 0.0 0.0 0.0 0.0
18.8754917568 67.0725258061 56.4064255979 0.643992729315 -0.561355815892 -0.519762457815 0.760639714184 0.5425232611 0.356504889688 0.0 0.0 0.0 0.0 0.0 0.0
19.2741592001 67.0001326782 56.7592833693 0.473662168426 -0.0882749106817 -0.87627147069 0.760639714184 0.5425232611 0.356504889688 0.0 0.0 0.0 0.0 0.0 0.0
19.7807979496 66.9076172816 56.9123950314 0.123379430543 0.418343108974 -0.899870301373 0.760639714184 0.5425232611 0.356504889688 0.0 0.0 0.0 0.0 0.0 0.0
20.3155610441 66.9104632099 56.8603812299 -0.273777215797 0.766025587207 -0.581593359534 0.760639714184 0.5425232611 0.356504889688 0.0 0.0 0.0 0.0 0.0 0.0
20.7879166137 67.0879246949 56.6757932039 -0.566921320545 0.822682137595 -0.0423593766865 0.760639714184 0.5425232611 0.356504889688 0.0 0.0 0.0 0.0 0.0 0.0
21.1310424504 67.452916599 56.4815493566 -0.644682537199 0.566787989399 0.512967641576 0.760639714184 0.5425232611 0.356504889688 0.0 0.0 0.0 0.0 0.0 0.0
21.3272128825 67.9471078432 56.4042364994 -0.477518079454 0.0955616078403 0.873409676442 0.760639714184 0.5425232611 0.356504889688 0.0 0.0 0.0 0.0 0.0 0.0
21.4145330533 68.4630823589 56.5260174053 -0.128936519647 -0.411970226242 0.902028772596 0.760639714184 0.5425232611 0.356504889688 0.0 0.0 0.0 0.0 0.0 0.0
21.4724621404 68.8851482485 56.8534157984 0.268630179677 -0.7629876836 0.587952056925 0.760639714184 0.5425232611 0.356504889688 0.0 0.0 0.0 0.0 0.0 0.0
21.5916254855 69.1332910717 57.3148378814 0.564139782484 -0.824133363484 0.0505025247934 0.760639714184 0.5425232611 0.356504889688 0.0 0.0 0.0 0.0 0.0 0.0
21.8393845117 69.1935726687 57.7877720164 0.645323250012 -0.572176999806 -0.506133760864 0.760639714184 0.5425232611 0.356504889688 0.0 0.0 0.0 0.0 0.0 0.0
22.234244993 69.1234265006 58.1453329448 0.481337625631 -0.102841027612 -0.870481368664 0.760639714184 0.5425232611 0.356504889688 0.0 0.0 0.0 0.0 0.0 0.0
22.7388264013 69.029837717 58.3044676178 0.134483789737 0.405565970382 -0.904118550836 0.760639714184 0.5425232611 0.356504889688 0.0 0.0 0.0 0.0 0.0 0.0
23.2740633937 69.0286977091 58.2575084386 -0.263462686328 0.759891675526 -0.59426597949 0.760639714184 0.5425232611 0.356504889688 0.0 0.0 0.0 0.0 0.0 0.0
59.2408218563 6.48688118202 60.3776647556 0.0925997434984 0.567190260367 -0.818364525165 0.562283385296 0.648514642453 0.513094682436 0.0 0.0 0.0 0.0 0.0 0.0
59.7596417596 6.62568511157 60.3933005887 -0.406838132467 0.757128575511 -0.51111549978 0.562283385296 0.648514642453 0.513094682436 0.0 0.0 0.0 0.0 0.0 0.0
60.1857228977 6.93707652373 60.2924276276 -0.751711399937 0.659421086304 -0.00968515063298 0.562283385296 0.648514642453 0.513094682436 0.0 0.0 0.0 0.0 0.0 0.0
60.4404513985 7.39878299326 60.1893469361 -0.810996938626 0.311188501477 0.495424749167 0.562283385296 0.648514642453 0.513094682436 0.0 0.0 0.0 0.0 0.0 0.0
60.5103131217 7.9314248915 60.1991983318 -0.562171181186 -0.155269797855 0.812314503698 0.562283385296 0.648514642453 0.513094682436 0.0 0.0 0.0 0.0 0.0 0.0
60.4520279065 8.42867303442 60.3942168441 -0.0997671930125 -0.56273850501 0.8205923971 0.562283385296 0.648514642453 0.513094682436 0.0 0.0 0.0 0.0 0.0 0.0
60.3710007564 8.79764491743 60.7762894192 0.400540019805 -0.756413445625 0.51711351927 0.562283385296 0.648514642453 0.513094682436 0.0 0.0 0.0 0.0 0.0 0.0
60.3812767165 8.99419233171 61.2762380372 0.748675382427 -0.662714271689 0.0171745697932 0.562283385296 0.648514642453 0.513094682436 0.0 0.0 0.0 0.0 0.0 0.0
60.5622132535 9.0396740069 61.780101599 0.81237645008 -0.317238865947 -0.489289285892 0.562283385296 0.648514642453 0.513094682436 0.0 0.0 0.0 0.0 0.0 0.0
60.928331028 9.01284107261 62.1724316527 0.567442122137 0.14876088892 -0.809863961386 0.562283385296 0.648514642453 0.513094682436 0.0 0.0 0.0 0.0 0.0 0.0
61.423797252 9.01991818764 62.3801531909 0.106927044869 0.558243894936 -0.822757777746 0.562283385296 0.648514642453 0.513094682436 0.0 0.0 0.0 0.0 0.0 0.0
61.9436374992 9.15424701608 62.4003270678 -0.394211404471 0.755640711926 -0.523072158564 0.562283385296 0.648514642453 0.513094682436 0.0 0.0 0.0 0.0 0.0 0.0
62.3736172444 9.46082416858 62.3012666296 -0.745582350388 0.665956988816 -0.0246626810435 0.562283385296 0.648514642453 0.513094682436 0.0 0.0 0.0 0.0 0.0 0.0
62.6336414694 9.91920623764 62.1965843326 -0.813694095921 0.323265071448 0.483116561344 0.562283385296 0.648514642453 0.513094682436 0.0 0.0 0.0 0.0 0.0 0.0
62.7081840996 10.4512765899 62.2020284709 -0.572669850174 -0.142240651267 0.807351744798 0.562283385296 0.648514642453 0.513094682436 0.0 0.0 0.0 0.0 0.0 0.0
62.6521866194 10.9509231812 62.3915084648 -0.114078753816 -0.553706772429 0.824860502203 0.562283385296 0.648514642453 0.513094682436 0.0 0.0 0.0 0.0 0.0 0.0
62.5701848837 11.3243522964 62.7690154362 0.387852768411 -0.754810433262 0.528990963888 0.562283385296 0.648514642453 0.513094682436 0.0 0.0 0.0 0.0 0.0 0.0
62.5765941988 11.5257223495 63.2671059144 0.742432539367 -0.669148990741 0.0321489141352 0.562283385296 0.648514642453 0.513094682436 0.0 0.0 0.0 0.0 0.0 0.0
62.7522410346 11.5745598691 63.7725247386 0.814949775807 -0.329266659063 -0.476907045599 0.562283385296 0.648514642453 0.513094682436 0.0 0.0 0.0 0.0 0.0 0.0
63.1136556974 11.5483410435 64.1692325868 0.577853967184 0.135709581438 -0.804778045249 0.562283385296 0.648514642453 0.513094682436 0.0 0.0 0.0 0.0 0.0 0.0
63.6067921902 11.5530572212 64.3824912542 0.121221775225 0.549127483007 -0.826900410338 0.562283385296 0.648514642453 0.513094682436 0.0 0.0 0.0 0.0 0.0 0.0
64.1275611905 11.6829470259 64.4072579471 -0.381464595862 0.75392267286 -0.534869484502 0.562283385296 0.648514642453 0.513094682436 0.0 0.0 0.0 0.0 0.0 0.0
64.5613753242 11.9846935276 64.3101011242 -0.739226189233 0.672290034379 -0.0396326989625 0.562283385296 0.648514642453 0.513094682436 0.0 0.0 0.0 0.0 0.0 0.0
64.8266828247 12.4396885638 64.2039100263 -0.816143394112 0.335243171747 0.470661211536 0.562283385296 0.648514642453 0.513094682436 0.0 0.0 0.0 0.0 0.0 0.0
64.9059504129 12.9711022916 64.2050061663 -0.582994078378 -0.129168176799 0.802143058736 0.562283385296 0.648514642453 0.513094682436 0.0 0.0 0.0 0.0 0.0 0.0
64.8523244826 13.4730721294 64.3889508418 -0.128355565127 -0.544506375401 0.828877346806 0.562283385296 0.648514642453 0.513094682436 0.0 0.0 0.0 0.0 0.0 0.0
64.7694398972 13.8509217218 64.7618381347 0.375047373307 -0.752977498328 0.540707272734 0.562283385296 0.648514642453 0.513094682436 0.0 0.0 0.0 0.0 0.0 0.0
64.7720473724 14.0571300697 65.2579796673 0.735963544163 -0.675379880528 0.0471134656064 0.562283385296 0.648514642453 0.513094682436 0.0 0.0 0.0 0.0 0.0 0.0
64.9424177605 14.1093855527 65.7648607159 0.817274859938 -0.341194154365 -0.4643795348 0.562283385296 0.648514642453 0.513094682436 0.0 0.0 0.0 0.0 0.0 0.0
65.2990859788 14.0838658174 66.165886435 0.588089792315 0.122616935503 -0.799446985924 0.562283385296 0.648514642453 0.513094682436 0.0 0.0 0.0 0.0 0.0 0.0
65.7898092836 14.0862966164 66.3846781885 0.135479580255 0.539843801527 -0.830791161055 0.562283385296 0.648514642453 0.513094682436 0.0 0.0 0.0 0.0 0.0 0.0
66.3114151631 14.211784827 66.4140910706 -0.368601589442 0.751974981645 -0.546503884013 0.562283385296 0.648514642453 0.513094682436 0.0 0.0 0.0 0.0 0.0 0.0
66.7489982986 14.5086857583 66.3189283752 -0.73264485262 0.678418293884 -0.0545906443775 0.562283385296 0.648514642453 0.513094682436 0.0 0.0 0.0 0.0 0.0 0.0
67.019575017 14.960232161 66.2113217407 -0.818344087119 0.347119153728 0.458062493764 0.562283385296 0.648514642453 0.513094682436 0.0 0.0 0.0 0.0 0.0 0.0
67.1036101749 15.4909043857 66.2081304661 -0.593140720938 -0.116056356452 0.796690032128 0.562283385296 0.648514642453 0.513094682436 0.0 0.0 0.0 0.0 0.0 0.0
67.0524388869 15.9951215604 66.3865447093 -0.142593278088 -0.535140116457 0.83264170734 0.562283385296 0.648514642453 0.513094682436 0.0 0.0 0.0 0.0 0.0 0.0
66.9687634566 16.3773535286 66.7547596559 0.362127735139 -0.750915199155 0.552258876906 0.562283385296 0.648514642453 0.513094682436 0.0 0.0 0.0 0.0 0.0 0.0
66.9676350549 16.5884143536 67.248862031 0.729270367334 -0.68140504306 0.0620636658596 0.562283385296 0.648514642453 0.513094682436 0.0 0.0 0.0 0.0 0.0 0.0
67.1327438564 16.6441488776 67.7571118205 0.819350994229 -0.353017718623 -0.451710569496 0.562283385296 0.648514642453 0.513094682436 0.0 0.0 0.0 0.0 0.0 0.0
67.4846237428 16.6194130015 68.1623941716 0.598146479598 0.109486939261 -0.793872407302 0.562283385296 0.648514642453 0.513094682436 0.0 0.0 0.0 0.0 0.0 0.0
67.9728511381 16.6196346767 68.3867132824 0.149696116892 0.530395678396 -0.834428844735 0.562283385296 0.648514642453 0.513094682436 0.0 0.0 0.0 0.0 0.0 0.0
68.4952017679 16.7407600634 68.4208243119 -0.355626303407 0.749798231565 -0.557971813147 0.562283385296 0.648514642453 0.513094682436 0.0 0.0 0.0 0.0 0.0 0.0
68.9364873707 17.0328019806 68.3277456489 -0.725840345287 0.684339900605 -0.0695319609533 0.562283385296 0.648514642453 0.513094682436 0.0 0.0 0.0 0.0 0.0 0.0
69.2123176439 17.4808391997 68.2188171733 -0.820295504589 0.358889399852 0.445324245719 0.562283385296 0.648514642453 0.513094682436 0.0 0.0 0.0 0.0 0.0 0.0
69.3011615311 18.0106852688 68.2114003735 -0.603106687088 -0.102909184216 0.790994326019 0.562283385296 0.648514642453 0.513094682436 0.0 0.0 0.0 0.0 0.0 0.0
69.2525272299 18.5170731861 68.3842907552 -0.156787555756 -0.52561084865 0.836152437144 0.562283385296 0.648514642453 0.513094682436 0.0 0.0 0.0 0.0 0.0 0.0
69.1681532005 18.9036480939 68.7477821113 0.349097789355 -0.748624163937 0.563642257675 0.562283385296 0.648514642453 0.513094682436 0.0 0.0 0.0 0.0 0.0 0.0
69.1633560231 19.1195741 69.2397557377 0.722355047687 -0.687222643016 0.076994960919 0.562283385296 0.648514642453 0.513094682436 0.0 0.0 0.0 0.0 0.0 0.0
69.3232197016 19.1788476829 69.7492803679 0.82117754627 -0.364733750263 -0.438904008777 0.562283385296 0.648514642453 0.513094682436 0.0 0.0 0.0 0.0 0.0 0.0
47.4837897988 54.2131335416 52.3716168232 0.618318449617 0.735594593372 -0.276736136175 0.157896706132 0.228667078753 0.960614385322 0.0 0.0 0.0 0.0 0.0 0.0
47.8866748943 54.1617546972 52.7233680368 0.0494137420929 0.969769223171 -0.238968483034 0.157896706132 0.228667078753 0.960614385322 0.0 0.0 0.0 0.0 0.0 0.0
48.3008238539 54.3314347777 53.0206463772 -0.538264072206 0.83551231141 -0.110412707848 0.157896706132 0.228667078753 0.960614385322 0.0 0.0 0.0 0.0 0.0 0.0
48.5922755013 54.6915699159 53.2927561373 -0.921446366179 0.383830303524 0.0600907010509 0.157896706132 0.228667078753 0.960614385322 0.0 0.0 0.0 0.0 0.0 0.0
48.6736834205 55.1391991839 53.5785635747 -0.954555779878 -0.213675253972 0.207764647958 0.157896706132 0.228667078753 0.960614385322 0.0 0.0 0.0 0.0 0.0 0.0
48.5375003196 55.538121171 53.9117309701 -0.625013493481 -0.730002010023 0.276505331466 0.157896706132 0.228667078753 0.960614385322 0.0 0.0 0.0 0.0 0.0 0.0
48.2588453733 55.770639177 54.3079277645 -0.0580181312411 -0.968988797485 0.240197016628 0.157896706132 0.228667078753 0.960614385322 0.0 0.0 0.0 0.0 0.0 0.0
47.9669651921 55.7822761561 54.7588774764 0.531019289068 -0.839840540153 0.112633839292 0.157896706132 0.228667078753 0.960614385322 0.0 0.0 0.0 0.0 0.0 0.0
47.7961308746 55.6024714576 55.2355020755 0.918313603291 -0.391622820232 -0.0577208167274 0.157896706132 0.228667078753 0.960614385322 0.0 0.0 0.0 0.0 0.0 0.0
47.8346261718 55.333396325 55.6989692126 0.95672522624 0.20537895668 -0.206146369432 0.157896706132 0.228667078753 0.960614385322 0.0 0.0 0.0 0.0 0.0 0.0
48.0912070144 55.111137332 56.1154452784 0.631660940147 0.724353834195 -0.276253469806 0.157896706132 0.228667078753 0.960614385322 0.0 0.0 0.0 0.0 0.0 0.0
48.4917749883 55.0539948182 56.468949357 0.0666181020841 0.96813457955 -0.241407258289 0.157896706132 0.228667078753 0.960614385322 0.0 0.0 0.0 0.0 0.0 0.0
48.9075285606 55.2175386124 56.7674246434 -0.523734066755 0.844104811786 -0.114846393234 0.157896706132 0.228667078753 0.960614385322 0.0 0.0 0.0 0.0 0.0 0.0
49.2038969359 55.5734961249 57.0397206909 -0.915110907268 0.399385513346 0.0553465367402 0.157896706132 0.228667078753 0.960614385322 0.0 0.0 0.0 0.0 0.0 0.0
49.2916657511 56.0204935778 57.3246329833 -0.958821814271 -0.197067018985 0.204512392062 0.157896706132 0.228667078753 0.960614385322 0.0 0.0 0.0 0.0 0.0 0.0
49.1608711036 56.4225695975 57.6561638818 -0.638260283386 -0.718650496018 0.275980570374 0.157896706132 0.228667078753 0.960614385322 0.0 0.0 0.0 0.0 0.0 0.0
48.8845850043 56.6608292141 58.05060456 -0.0752129997007 -0.967206634419 0.242599115852 0.157896706132 0.228667078753 0.960614385322 0.0 0.0 0.0 0.0 0.0 0.0
48.5911540995 56.6786140478 58.5003457143 0.516408960066 -0.848304801571 0.117050201177 0.157896706132 0.228667078753 0.960614385322 0.0 0.0 0.0 0.0 0.0 0.0
48.4154386333 56.5030277754 58.9767684656 0.911838522006 -0.407117791706 -0.0529680418999 0.157896706132 0.228667078753 0.960614385322 0.0 0.0 0.0 0.0 0.0 0.0
48.4475767869 56.2346389895 59.4411171502 0.960845384309 0.188740073874 -0.202862840281 0.157896706132 0.228667078753 0.960614385322 0.0 0.0 0.0 0.0 0.0 0.0
48.6987396761 56.0092735095 59.8592232439 0.644811020635 0.712892429824 -0.275686653953 0.157896706132 0.228667078753 0.960614385322 0.0 0.0 0.0 0.0 0.0 0.0
49.0968872578 55.9464118812 60.2144865561 0.0838021695561 0.966205032758 -0.243772498554 0.157896706132 0.228667078753 0.960614385322 0.0 0.0 0.0 0.0 0.0 0.0
49.5141375466 56.1037967205 60.5141819197 -0.509044526834 0.85244018966 -0.119245095295 0.157896706132 0.228667078753 0.960614385322 0.0 0.0 0.0 0.0 0.0 0.0
49.8153511195 56.4554953279 60.78669536 -0.90849669671 0.414819066471 0.0505855133382 0.157896706132 0.228667078753 0.960614385322 0.0 0.0 0.0 0.0 0.0 0.0
49.9094728419 56.9017519546 61.0707397697 -0.96279578225 -0.180398755476 0.201197839709 0.157896706132 0.228667078753 0.960614385322 0.0 0.0 0.0 0.0 0.0 0.0
49.7841252353 57.3068866793 61.4006472333 -0.651312653027 -0.707080074111 0.275371742927 0.157896706132 0.228667078753 0.960614385322 0.0 0.0 0.0 0.0 0.0 0.0
49.510310889 57.5508424788 61.7933256943 -0.0923849575519 -0.965129850843 0.244927317036 0.157896706132 0.228667078753 0.960614385322 0.0 0.0 0.0 0.0 0.0 0.0
49.2154373888 57.5747968985 62.241835345 0.501641327891 -0.856510661129 0.121430908437 0.157896706132 0.228667078753 0.960614385322 0.0 0.0 0.0 0.0 0.0 0.0
49.034913045 57.403509686 62.718025175 0.905085685873 -0.422488751158 -0.0481991324938 0.157896706132 0.228667078753 0.960614385322 0.0 0.0 0.0 0.0 0.0 0.0
49.0607030118 57.1359161494 63.1832280113 0.964672859566 0.172043699014 -0.199517517144 0.157896706132 0.228667078753 0.960614385322 0.0 0.0 0.0 0.0 0.0 0.0
49.3063901872 56.9075399793 63.6029508233 0.657764685439 0.701213871512 -0.275035861275 0.157896706132 0.228667078753 0.960614385322 0.0 0.0 0.0 0.0 0.0 0.0
49.7020148434 56.8390055334 63.959979202 0.100960710075 0.963981170553 -0.246063483354 0.157896706132 0.228667078753 0.960614385322 0.0 0.0 0.0 0.0 0.0 0.0
50.1206534967 56.9902106256 64.260917402 -0.494199927019 0.860515905995 -0.123607474145 0.157896706132 0.228667078753 0.960614385322 0.0 0.0 0.0 0.0 0.0 0.0
50.426639261 57.3375703457 64.5336792744 -0.901605749257 0.43012626169 0.0458090810989 0.157896706132 0.228667078753 0.960614385322 0.0 0.0 0.0 0.0 0.0 0.0
50.5271039665 57.7829773607 64.8168833282 -0.966476473308 -0.163675540758 0.197822000546 0.157896706132 0.228667078753 0.960614385322 0.0 0.0 0.0 0.0 0.0 0.0
50.4072603294 58.191074531 65.1451809133 -0.664166626524 -0.695294268763 0.274679034579 0.157896706132 0.228667078753 0.960614385322 0.0 0.0 0.0 0.0 0.0 0.0
50.1360198889 58.4406793508 65.536091593 -0.10952877405 -0.962759079365 0.247180910986 0.157896706132 0.228667078753 0.960614385322 0.0 0.0 0.0 0.0 0.0 0.0
49.8398123609 58.4708232082 65.983347169 0.486720890909 -0.864455619242 0.125774626665 0.157896706132 0.228667078753 0.960614385322 0.0 0.0 0.0 0.0 0.0 0.0
49.6545528753 58.30391438 66.4592730752 0.898057151872 -0.437731016443 -0.0434155411651 0.157896706132 0.228667078753 0.960614385322 0.0 0.0 0.0 0.0 0.0 0.0
49.6740055458 58.0372247529 66.9253024075 0.968206486125 0.155294917976 -0.196111419038 0.157896706132 0.228667078753 0.960614385322 0.0 0.0 0.0 0.0 0.0 0.0
49.9141609152 57.8059346071 67.3466281356 0.670517988749 0.689321716663 -0.27430129001 0.157896706132 0.228667078753 0.960614385322 0.0 0.0 0.0 0.0 0.0 0.0
50.3071608813 57.7317753684 67.705426876 0.118088496984 0.961463670345 -0.248279514834 0.157896706132 0.228667078753 0.960614385322 0.0 0.0 0.0 0.0 0.0 0.0
50.7270791239 57.8767818036 68.0076302931 -0.479204789119 0.868329500848 -0.127932200961 0.157896706132 0.228667078753 0.960614385322 0.0 0.0 0.0 0.0 0.0 0.0
51.0377626198 58.2197239758 68.2806715611 -0.894440163959 0.445302436284 0.0410186949697 0.157896706132 0.228667078753 0.960614385322 0.0 0.0 0.0 0.0 0.0 0.0
51.1445584522 58.6641728524 68.5630630418 -0.969862766269 -0.146902468885 0.194385902885 0.157896706132 0.228667078753 0.960614385322 0.0 0.0 0.0 0.0 0.0 0.0
51.0302740365 59.0751353066 68.8897647953 -0.676818288433 -0.683296670045 0.273902656336 0.157896706132 0.228667078753 0.960614385322 0.0 0.0 0.0 0.0 0.0 0.0
50.7617088707 59.3303402634 69.2789026678 -0.126639227023 -0.960095042145 0.249359211236 0.157896706132 0.228667078753 0.960614385322 0.0 0.0 0.0 0.0 0.0 0.0
50.464276289 59.366691525 69.7248819804 0.471652194028 -0.8721372558 0.130080032724 0.157896706132 0.228667078753 0.960614385322 0.0 0.0 0.0 0.0 0.0 0.0
50.2743568399 59.2042390718 70.2005130406 0.890755060964 -0.45283994462 -0.0386187250419 0.157896706132 0.228667078753 0.960614385322 0.0 0.0 0.0 0.0 0.0 0.0
