t = 0 
b = 20 20 20
E = -0.217632456754421 -0.487020145889129 0.269387689134707
35.9445144918072 26.9523309203919 4.60713107621772 -0.230722654131891 -0.654585058003316 -0.719920453042146 0.972986856173267 -0.149144367034829 -0.176217296243738 -0.518691181243557 -0.11275871702386 0.300790543999992 -0.831367981989012 -0.107180371758692 -0.0087358442088683
36.8627012770598 27.3786958119714 5.19379081686085 0.11411731074851 0.987062335791268 0.112628525023854 0.770276025879125 -0.0163119605043037 -0.63750197168311 -0.067463159697303 -0.0121676673821174 -0.0926773114355424 -0.437826837137956 -0.375637066774421 -0.0899495080415799
37.1001362122822 27.4773350879306 4.75803662852352 0.460151337170981 0.499044726261169 0.734312677331644 0.817805387269463 0.0837255182242144 -0.569371922517236 0.417835632985937 0.145818532021464 -0.034750110808731 0.107273663531795 0.43682945885407 -0.639336770649303
37.325473461731 27.8050294375793 4.48760210296239 0.471691708930882 -0.535914774808383 0.700215885186484 0.851113812339831 0.0691669344299295 -0.520404855497597 0.578864051208202 -0.0628302815611675 0.239552776639784 0.238659816592239 0.0956970173010608 0.611128528417814
37.8695650635501 27.9209044480549 4.55170789167846 0.207016985011151 -0.969479920983889 0.131349346116279 0.90324559235541 0.137813903328277 -0.406392332530811 0.251938842558606 0.511099752406638 0.412732713659851 0.169281138709372 0.26372640328854 -0.326279153030388
37.483178764039 28.9625622702958 4.83617867782046 0.655379804759617 0.751205901976894 -0.0785302766302197 -0.142722051838468 0.225269212511756 0.963786385986434 -0.21505251379011 0.13293748528578 -0.170787515545843 0.407259549854682 -0.0704972691850648 -0.392534977282949
37.1444399762728 29.2748274830899 5.46589958677228 -0.879013496341007 0.459288794372835 0.128019828984891 0.476092394186167 0.830894301096637 0.288011618866911 -0.614347628064383 0.286194906321693 0.114483718138996 0.246631779877955 0.185706379178756 0.088993557915503
37.2299192912539 29.8032863286704 5.37912589523335 -0.654187097959193 0.0922423140093389 0.750686749828965 0.264183667063809 0.957886241056958 0.112520839179757 -0.68963725277842 -0.108223074667871 0.338216213500096 -0.405623464638122 -0.245759636598141 0.300769804422493
-8.07788945884162 12.7760055390114 30.7582104837471 -0.835436190670518 -0.258754097290789 0.484863577156884 0.300749587469312 0.523169224889722 0.797398048508776 0.224771276414242 0.283465840553722 -0.187182916073942 0.244458207434649 -0.195019480663813 -0.340722594883748
-7.54051361372572 13.7887045932716 30.5904920509935 0.894401943842763 0.414324289277614 0.168465266939777 -0.420658250112594 0.90721672174687 0.0021110175535872 -0.500108706695183 -0.00339261091587264 0.0468031535597329 -0.0162066816243639 0.290594776903316 0.382597699345097
-8.19829823286559 14.369188090062 29.8955638623807 -0.438415221089117 0.898355225802558 -0.0273858027183935 -0.671483034284224 -0.307139302093725 0.674370805846309 0.252426848730019 0.275857943845689 0.0279790470019716 0.188443387817074 0.399863642520254 -0.280200906661155
-7.17585408460679 13.8272552565929 29.482203626905 0.309095281345575 -0.385419340806462 -0.869432020794323 0.950627942200105 0.151827959201172 0.270656214252407 0.0306763394625252 0.15263386907295 0.0173470004485861 -0.400903704617555 0.322993281499636 -0.186285511737671
-6.77206152751588 13.6518930690537 29.605892417547 0.0748656298461858 0.545438076530087 -0.834800839804606 0.879177419234294 0.358948652724156 0.313373467632758 -0.0303191012213998 0.117007609072948 -0.0171230300843145 0.0772849030605474 0.291281544716959 0.113549862578004
-6.77689070705623 13.5758260488725 31.1173159857606 0.358897075718677 0.254417805939255 0.898033668111249 -0.909134431111961 -0.12257178138841 0.398058720007278 -0.400777285899203 0.0764123935763516 -0.358208560284234 -0.333155349195224 0.224201663166131 0.31051317638718
-7.02793940195675 13.2250401726337 31.4562617885362 -0.0425873051030948 0.941813448388566 0.33342727824721 -0.856571524734568 -0.206201433890508 0.473039313034237 -0.104514915898238 -0.255306733448176 -0.199194611393593 -0.0626914093426992 0.0770761472430789 -0.0976380658088407
-7.18761959091783 13.315785672167 31.9503468576852 -0.535911991278075 0.705627844351195 -0.463559794289108 -0.770355023176933 -0.184015364182086 0.610484630446658 0.271501361340365 -0.00471747719498089 -0.234957973968945 0.369400706097677 0.49114138439227 0.147542841182622
