t = 2327
b = 30 30 30
E = -0.860412910127392 -1.13980385064062 0.279390940513229
-85.3168614653038 -25.1673618122643 -79.7309731966343 0.165171205164129 -0.029831023971644 0.98581366545277 0.49817839892344 0.865179947309121 -0.0572882328254384 -0.0667534239273206 0.308899877611126 0.588955047918515 0.203358849093239 -0.285973111239122 -0.163959209330793
-85.5506102534608 -25.6264284084082 -79.5372869879337 0.215593240072414 0.41281063817533 0.884933292313241 0.710730863737839 0.555109876426123 -0.43210492293497 0.170491678396531 0.22753368329991 0.0620940589402347 0.0273629158807153 0.149100874254402 0.403969107605815
-85.467078586481 -26.0920557748827 -79.2049843956995 -0.404541793978312 0.697154428828953 0.591879750700247 0.511864507559746 0.708938486881106 -0.485181355494369 -0.0518133813021258 -0.0310580871735518 -0.161306282591759 0.419922009130603 0.458973076341994 0.0988468260623335
-85.4110926054121 -26.2500404117451 -78.7591836269828 -0.863913303405466 0.498420029185169 0.0723275791529445 0.391503327657972 0.754939851858896 -0.526109270501872 -0.0212577829236865 -0.0687432707495087 0.803910036874501 -0.465594020203849 -0.216270547903872 -0.548314789935792
-85.5886668225906 -26.4388137111384 -78.2610779044548 -0.839550108494177 0.240201390587206 -0.487297555183071 0.43889996959975 0.828503505785548 -0.347776879027911 -0.0309506503129561 -0.0369531991308291 0.0173809667075279 0.339053048785858 -0.282253118324668 -0.353523078483488
-86.0658900974852 -26.6223307483309 -78.0415033605711 -0.374253055729924 0.1409722691652 -0.916548672795521 0.710320008013782 0.678964604680075 -0.185613986021899 -0.333000936522783 0.502133130586129 -0.19708191338359 -0.00950248100123078 -0.282815922699858 -0.0414561128887074
-86.629130010125 -26.6627189012927 -77.8756553615256 0.298299257243203 -0.33886510923872 -0.892293668513222 0.571438592199919 0.812201968323555 -0.117413363787615 0.139673970114124 0.366313205323982 -0.311294341561842 0.421877222953292 -0.582631833133471 -0.363644165380648
-86.9665771645428 -27.048160418977 -77.9602480011317 0.530760830902616 -0.179442072135774 -0.828307601756247 0.347765236905701 0.9373731758914 0.0197704101929644 0.00500796686933682 -0.0304764045480185 -0.142192022299128 0.0141103664008616 0.421988739738765 -0.384571763541332
-87.2753454945453 -27.3813769553604 -78.2795759008448 0.942948013151211 -0.298775500725934 -0.146908967255764 0.332430261327489 0.869299706539106 0.365797951832374 0.278814169320806 -0.0252746752560147 -0.510095025452643 0.104776109253952 -0.250556960229055 -0.0182171107717167
-87.4962688533901 -27.7889776733604 -78.5717577759369 0.929786160589706 -0.291988333893816 0.224143945815571 0.257810020198426 0.951184524707959 0.169652566857637 0.323553272878049 0.145674294008205 0.0744382772120787 -0.239831699989324 -0.181695668842577 -0.170990120306942
-87.4503428049897 -28.1555543884991 -78.8897547365054 0.546125702774165 -0.283702324685855 0.788200296712242 0.327373047883043 0.938361992277429 0.110921859743258 0.311662449304623 0.306235923341225 0.104256324797096 -0.671588451012738 -0.077470098643115 0.0866691227715778
-87.3684767398845 -28.6985035832445 -79.0263513667424 0.00383910078297549 0.0835869655496899 0.996493091042466 0.290161153208114 0.953535031454432 -0.0811014732179704 0.475079071113462 0.136579346510579 -0.602067198107035 0.169060083974211 0.409623914465415 -0.331633181851844
-87.3168793275024 -29.1948375173606 -78.9152318698668 -0.504188712592723 0.309238140866867 0.806328415924486 0.385597827612577 0.916060954452082 -0.110211810024164 -0.282273608850973 0.717165255608672 0.21327957314007 0.0906088663576761 0.457670295670147 -0.120525292054629
-87.3604804298729 -29.6596372647979 -78.6187832546797 -0.709853687405462 0.541782731343914 0.450088007498982 0.516403104852078 0.834881657141576 -0.190526774673978 0.0775395880019269 0.117050144968431 0.340993514075598 0.119875853146191 -0.337449628548866 -0.0165664428203191
-87.6468899967193 -30.0808963794898 -78.290470589451 -0.773597270798342 0.627796210064069 0.0861346692252866 0.624699577922319 0.778358692548041 -0.0625154627159272 -0.305755048321194 -0.261632821881079 0.257022495140016 0.103167131867171 0.0170933103381003 0.296165265670739
-87.9660055134161 -30.3900731888516 -78.0416343563581 -0.465199263447111 0.564926651693555 -0.681503869023927 0.646098690444858 0.7429590648987 0.17483795380379 0.115080606467039 -0.372641089564483 -0.617199064613824 0.673300661574535 -0.141872886591544 0.105224936145736
-88.4083441323928 -30.621464247891 -78.0752452161463 0.0360059262031844 0.313973005067531 -0.948748926411573 0.491635384706954 0.820971566551348 0.29034520043953 -0.028000217662235 0.259659740337415 0.00884712063573141 -0.0336685868007693 -0.154867631268422 0.0520910155153649
-88.807199070076 -30.899836891583 -78.2199015870759 0.430548781062383 0.184257875806748 -0.88355915610042 0.330373049041384 0.8788285909119 0.344258560188272 0.0823002777453938 0.534658602769901 -0.227363208164641 -0.570334158536406 -0.281157020757981 -0.261323052551596
-89.2024092666725 -31.1417787384979 -78.5071812237669 0.840887167080824 -0.0554275427300161 -0.538364708859804 0.260263463945578 0.913583644074857 0.312454564079241 -0.000948074680465405 0.383299044846583 0.15102939171466 0.022496729494994 -0.0986376284639672 -0.148202539477024
-89.3672100286097 -31.4877909971519 -78.8953262347112 0.959290540293684 -0.266127852847047 0.0945390143912662 0.238944027996374 0.943241045766117 0.230655763133967 -0.0282330797884798 -0.23279460263996 0.127566094352995 -0.734127203964743 -0.342768031823128 0.0624321043909168
-89.2954617961049 -33.0479363943195 -80.5897316206976 0.593527177264721 -0.33308365070446 0.732653240954796 0.311501806940151 -0.744311994215339 -0.590733679029905 0.115335380932527 0.118707358412682 -0.0210100593182879 0.569839925236427 0.375032175603 0.00651320354373855
-89.5132562662954 -32.9031950045432 -80.2887323149411 0.943021487258917 0.245351386025894 0.224751355820503 0.324735027699184 -0.825857668018952 -0.460984027878961 -0.167761662859853 -0.206788538466202 -0.221058387665064 -0.127110108837667 -0.0456550003095415 0.335029100802825
-88.7976258994193 -33.281390016546 -79.5934296330583 0.718010511305194 0.093642891986616 0.689704222428449 0.0312920557735709 -0.994249407272815 0.10241544504182 0.229244255270427 0.0432512619800766 -0.0173819809956139 0.534719439070321 -0.181179727909762 -0.14282091412575
-88.9741030139739 -32.8939841086932 -79.235938471792 0.991051291829175 0.0763765380958642 -0.109471281129845 0.0803793503532676 -0.996230298113006 0.0326244257950788 0.446676830423047 0.268999866359883 -0.107438430018713 0.404279890692898 -0.0188389675588541 0.0941317001892645
-88.8346463465849 -32.5233165622464 -78.8880864138947 0.285972603452918 0.258596524209016 -0.922684945006355 -0.132423107855466 -0.942993705382545 -0.305330955055001 -0.168783874584071 0.185686737858238 0.313654245322981 -0.21127039513708 -0.122875437752548 -0.15261959571356
-88.478097971527 -32.155935873846 -78.8002302621053 -0.570459380527806 0.323848824370886 -0.754783435245787 -0.184431606777405 -0.946021882239854 -0.266510001209838 0.104863135112093 0.0496863597374931 -0.291034524297057 0.550851144869125 0.510580055283189 -0.242236983163412
-88.2762807436965 -31.8017953356888 -79.0315194099886 -0.917361194512575 0.305854023199986 0.254758229101323 -0.32848208760934 -0.943158657479863 -0.0505100479170563 0.518096153539223 -0.0403177564745978 -0.301156796143607 -0.263642749866233 0.0114478669232155 0.136157552594138
-88.2483930784562 -31.2942638073493 -79.2264877737296 -0.714859205146536 0.163974059715423 0.679771156020696 -0.332107454182558 -0.935096958026546 -0.123686369361735 0.40501662226298 0.128587603429072 0.508010058298081 -0.236127269578745 0.00872390692077562 -0.0756420158822077
-88.3526738783538 -30.6604768795515 -79.268037216039 -0.353617375840245 -0.267874885876933 0.896213031048018 0.0586191847800385 -0.962579836059624 -0.264582407554159 0.0605488380852531 0.159216440485789 -0.227516593619077 0.227119385554725 -0.164827785454509 0.199215499387547
-88.5635462284492 -30.1877339890946 -79.1229885862148 0.20767027871553 -0.36235877829787 0.90860837060237 -0.0870494570000998 -0.932019145238901 -0.35179923954457 -0.146527624426191 0.153406466888861 0.00155751631914979 -0.131898301233695 -0.431995928509246 -0.266573206542782
-88.5547402305112 -29.7135739374431 -78.8672356942674 0.515799635877613 -0.593088315947065 0.618220822292158 -0.468287486614356 -0.799461591550018 -0.376255223906233 -0.739827020451487 -0.495364641073143 -0.123068176350167 -0.296458511282664 0.00272853387276264 -0.308157675985702
-88.5379380191222 -29.3776469387079 -78.3695177012876 0.802542537846513 -0.593770001149279 -0.0579884530063318 -0.565881969794509 -0.726838183473119 -0.38920926415873 -0.118716653399555 -0.170704545368714 0.151314935196786 0.114206160470557 -0.64990971740884 -0.0174976080300646
-88.2492770645499 -29.0658106149754 -78.0487037839608 0.755518658277165 -0.40053020511614 -0.518427537641174 -0.575863339786175 -0.783334119665545 -0.234027927517471 0.401636103369727 0.851504596123181 -0.441259247489174 0.159419618415552 -0.219361486556828 0.0256170585614023
-87.8162691268789 -28.7800159687051 -77.8036060320979 0.275160548745153 -0.317970763906228 -0.907293373565107 -0.829446174968639 -0.555690930972528 -0.0568034511696401 -0.53157609376105 -0.0544020065651098 0.155992613509958 -0.118387599537203 -0.122327830813471 -0.510702363748068
-87.3064929647382 -28.6625847153529 -77.8369716415605 -0.141608611528751 0.00622513502438825 -0.989903151239971 -0.805719703855874 -0.581687733104302 0.111602598421268 0.517498496674397 -0.00936667151002782 0.276170138664651 -0.191230491003538 -0.238169845597243 -0.147843583174951
-86.7845904839092 -28.5817021147513 -77.9401614430302 -0.489764216285 0.462735932076194 -0.738922505823387 -0.759206193636105 -0.643041582506401 0.100516061961454 -0.0649537025808491 0.285828014557852 0.121952365284174 0.18402893063493 -0.666960803826525 0.197890146091378
-86.4264285727111 -28.2033844612437 -78.131882427718 -0.878926719341252 0.320776953844196 -0.35297304133668 -0.414638323168908 -0.879629173714837 0.233082770082711 0.00174042081796335 -0.153573987927225 0.390670340713468 -0.635182968441465 -0.109789380722258 -0.132810842558721
-86.180853730805 -27.7998341436967 -78.5337587201082 -0.887358296193208 0.358601505485597 0.289827904868641 -0.334345865870716 -0.933288654376484 0.131092065310172 -0.48680434807815 -0.0760293634319154 0.00932824495361186 -0.0699639586010688 -0.0462138993479526 0.0148088368277696
-86.2379744607497 -27.3982970319437 -78.8874843588378 -0.53835296790109 0.263090073540302 0.800599584784211 -0.151726432667282 -0.96475430532154 0.215007488226825 -0.39449113916753 0.431842462262894 0.420646562481729 -0.201144973494091 -0.678645520039642 -0.323547560955376
-86.5245204761594 -27.0162402235789 -79.1068486688605 0.254669852356263 0.242953206856261 0.936011220861746 0.012810073746209 -0.968688244386963 0.247949565833712 0.225648709701522 0.299365470247518 -0.107676149668648 0.305716193250296 -0.171279185588461 0.857159158955644
-86.4836115780972 -26.4889644508998 -79.1551863380744 0.266500246582035 -0.0649209004562113 0.961645930296424 -0.431729960522192 -0.900079067300297 0.0588805043740365 0.41249812565817 0.0269292365878806 -0.19372253354253 -0.391309505393602 0.0212842190578633 0.225543688914191
-86.4752834155461 -25.9922698967421 -78.9669265163119 0.768544523627041 -0.474282769764278 0.429412586573341 -0.496793530309277 -0.865310450316655 -0.0665883834886887 -0.386360690460868 -0.304352509085755 0.355151625931212 -0.552140722675377 0.373393038142481 0.158917955233601
-86.3645347042157 -25.5423135895664 -78.6830790175052 0.742115598132945 -0.668126508133317 -0.0535855217140227 -0.653140199350278 -0.738792419589405 0.166113337062099 -0.0841756376099893 0.0183940607091044 0.322217367195961 0.166566311968482 -0.182688919026137 0.291086556361867
-85.9000112279803 -25.2512021511141 -78.4623437627197 0.441279280817253 -0.717029924975401 -0.539574538883355 -0.811381495876539 -0.575653762196011 0.101404212036429 -0.15621069125629 0.204922130049702 -0.0204254188426716 -0.032816464931743 -0.172564271812755 -0.0274255918298485
-85.4246390015391 -25.1660410496592 -78.4433913670938 -0.101467857759734 -0.216800975749684 -0.970928221217015 -0.850638009862583 -0.487173476817003 0.197678981338573 -0.221153219318634 -0.119552524840974 -0.299998606685996 -0.0658240201206028 -0.245335777695775 -0.0770341403773429
-84.8469898046733 -25.0961908994315 -78.5823633254821 -0.609758860802863 0.120562983046196 -0.783363707859511 -0.72838593929528 -0.474913229774045 0.49387381751062 0.557060215784648 0.0250059493240724 -0.233250451987865 -0.190190975523343 0.28879369395807 -0.0661905567838597
34.4942532009189 -149.95404669167 -89.0099717889961 -0.264609120944492 0.443155637545548 0.856501660257922 0.362362602052047 0.868764768504858 -0.337551657733696 0.294949961673179 -0.497811319998785 -0.149514187977532 -0.406310260941886 0.369787505851055 0.343325748365924
34.5731138156414 -150.265669568489 -88.6336719540886 -0.739586598124101 0.482685152090233 0.469070045757411 0.491148492352899 0.863554567006499 -0.114222013034701 -0.474746686473018 0.0470864949478531 0.151093216301535 -0.552361291126804 -0.52931953239978 -0.261832234643223
34.3340374738782 -150.657280609682 -88.334775603483 -0.758461750938419 0.603350503812451 -0.24638169963024 0.64166812958545 0.757479185373432 -0.120363180417875 0.118774981224152 0.265064334294901 0.183241570373576 0.193778931473032 0.322816816645054 0.0700688037667547
34.0467061569437 -150.905047561312 -88.022843651024 -0.401360466903865 0.136904865797319 -0.90563062742363 0.510327494786802 0.854492798641787 -0.0969943561963811 0.536130473156564 0.437312879213689 0.223555492039155 0.121918717168575 0.0391494996328418 -0.00836629788548154
34.0185932670437 -151.713941214705 -87.3913286346538 0.263504125911714 -0.74779416860051 0.609400900093343 0.172645439720838 -0.584970041110166 -0.792466783623874 -0.307270873292093 -0.260633946436348 -0.459721319733231 -0.0704556663899454 -0.684003343192428 0.109372300149258
33.6556109286405 -151.653734092923 -87.0521605359758 0.924223203414783 -0.111868943226523 0.36509835635223 0.198203707126051 -0.676693996865773 -0.709084286306866 -0.0757564141051664 -0.323417706683543 0.152292045436593 0.00823768873410632 0.201520950234639 0.175454485262894
33.6130703895714 -151.600988753383 -86.566741855117 0.772988007374602 0.538108450226842 -0.336048859914009 0.199738277416111 -0.709175930768057 -0.676146522400359 0.096827169617301 -0.147027893939135 0.284956838215067 -0.260596996589454 0.690851206744283 -0.499556718406679
34.3154481437212 -152.272749062518 -85.775848631511 -0.632488131195634 -0.224391190734144 0.741355081872077 -0.34305054395153 -0.776977222603606 -0.527847250489887 -0.429442041339654 0.369763329938656 0.214436125325995 0.0229178371017838 0.454944506186955 0.26930807647116
34.2691507600543 -151.852296026677 -85.5187312882997 -0.0700561922204056 -0.659059832058928 0.748820584451332 -0.306180245753949 -0.700224410026524 -0.644933665358741 0.440146814824233 -0.0333515665632656 -0.032829907818961 -0.302300352339132 0.0534926225554153 -0.08043578548181
34.1563843412106 -151.74426830387 -85.1818451302648 0.809980391446205 -0.43884935968432 0.389028283004351 -0.165929150829751 -0.807738918237509 -0.56570783702315 -0.219479249338324 -0.283631241552855 0.182110946642435 0.394890590079162 0.438239378953137 -0.0561364454113447
34.1168794767914 -151.586001433324 -84.6747909254971 0.984363641690011 0.0698537668584465 -0.161705510649662 -0.0536003551471522 -0.755691544840368 -0.652730641984027 0.0169429775216652 0.458770674875472 -0.12159804365336 0.101867555329594 0.00674800588819744 -0.516903226249096
34.2127483010066 -151.316956587769 -84.1838599345778 0.684014789958316 0.232565027113955 -0.691402397509411 -0.176532187721554 -0.866870019665417 -0.466232512490844 0.325400069031982 0.128784787702834 0.199473926154103 -0.558249004364582 0.243079383938363 0.00249863895241646
34.4783576156868 -151.801141933423 -82.9561680100917 0.748102337731865 0.0405294744975165 0.66234451305727 0.602457202555345 0.376954549884984 -0.70352724638794 0.567953847217533 -0.196816470761105 -0.423933741508716 0.464537437184203 -0.096267026788401 0.131597733903251
34.375270163518 -152.292644543963 -82.7692442875862 0.348877324603925 0.631134847608679 0.69278670347458 0.579820973001425 0.435402690185384 -0.688645145664308 -0.0556273433329717 -0.0822738105434512 0.820395242981178 -0.224846129507049 0.419699925907583 -0.0887074406563129
34.2609002242525 -152.566013877336 -82.3975683980578 -0.115345232890848 0.966522990889739 0.229191590881757 0.721902080667964 0.24005492732414 -0.649023125778016 0.305241908810678 0.357097118234117 0.533091791457617 0.181983823599691 0.414020475481159 0.210580949649985
34.2931326224144 -152.519941907527 -81.8678811173557 -0.604840213718965 0.730963058957402 -0.316008421261261 0.596283034045518 0.15267927519682 -0.78812155295668 0.212635802407541 -0.506579485436483 -0.235059492370786 -0.405465219509632 0.563810432926345 0.304909213938053
34.0714287491847 -152.336338021932 -81.487808981548 -0.717101539686084 -0.0248593562616578 -0.696525228678839 0.6673294866614 0.263845907020532 -0.696460116288613 0.163326890339369 0.0126628644824342 0.0750990977070915 -0.117569653137742 -0.293977769263659 0.0527512720394904
33.6634471772792 -152.144426254298 -81.2624810819012 -0.231567676472535 -0.835876983872704 -0.497680699891995 0.834991225620398 0.0917207159594828 -0.542565169726945 0.0850842538003019 0.440387164710093 -0.533308000133497 -0.121474812621881 -0.17446923965275 0.135055338288264
33.1601983454975 -152.102122105853 -81.3529706660618 0.274321237773482 -0.900391096396821 0.337703615668761 0.873592211975496 0.0865376066160192 -0.478902797879622 -0.125209646735144 0.532369442349938 -0.267257920228914 0.477021908905573 -0.528561929570691 -0.0858339222843897
32.8393086079077 -152.449043129818 -81.3870994691305 0.22857442007192 -0.131194779154146 0.964645875133195 0.927955357116922 0.328976075842992 -0.175138792735814 -0.366774314060082 -0.366521526586109 -0.0769635830051806 0.365117498101534 -0.0147931486704926 -0.0816216595379826
32.7055603729569 -152.83154661769 -81.1996896784926 -0.402141707060609 0.697139133130407 0.59353102404219 0.896325275751916 0.431999538050326 0.0998869319408851 -0.153171306177894 0.166345628244889 0.282452938134567 -0.0110106811139931 0.106034660793275 -0.673127274922213
32.4662021415519 -154.328958855254 -81.4792008440932 -0.819568807133763 -0.571934599743146 0.0346090160215295 -0.557378489409558 0.781796788661192 -0.279504920855705 0.0833360543264248 0.155550026752666 -0.201905581257688 -0.166480408978091 -0.167667277261115 -0.27605850156043
32.6077727107881 -154.710721950445 -81.2390470954141 -0.689646690812627 -0.360140727125937 -0.628240478253667 -0.462940675084841 0.886389263906844 6.46736340503303e-05 -0.250727338313335 0.34191085165272 -0.190244430755577 0.583947320068631 -0.328451046857637 0.395520585867894
33.1667827957974 -154.609923690575 -80.6709010448472 0.778627294559029 -0.283517074615683 -0.559783533670872 0.485954123966935 -0.291926397500909 0.823788545587803 -0.277040586322108 -0.359263527014473 0.0187770371249068 -0.496716220770765 0.357842741341077 -0.230628800607963
33.2296778142697 -154.292482529546 -81.0782052877365 0.388633841966317 -0.826768011535939 -0.406716599095006 0.482551777419651 -0.193404455542479 0.854247328755232 -0.107521392265356 0.198587463220501 0.0827965399342267 0.383436842657802 -0.190375409668941 -0.015529474305447
33.2811768456569 -154.22455570754 -81.5773608460691 -0.463607760330218 -0.877233710302502 -0.124614854935137 0.530688055209383 -0.387540023606094 0.753779091088016 -0.397792365628072 0.094651669851865 -0.104979200999359 -0.303946817750384 -0.201564456439256 0.548069507264132
