#mean
-12.0 -12.0 -12.0 -12.0 -12.0 -12.0 -12.0 -12.0 -12.0 -12.0 -12.0 -12.0 -12.0 -12.0

#covariance
1. 0 0 0 0 0 0 0 0 0 0 0 0 0
0 1. 0 0 0 0 0 0 0 0 0 0 0 0
0 0 1. 0 0 0 0 0 0 0 0 0 0 0
0 0 0 1. 0 0 0 0 0 0 0 0 0 0
0 0 0 0 1. 0 0 0 0 0 0 0 0 0
0 0 0 0 0 1. 0 0 0 0 0 0 0 0
0 0 0 0 0 0 1. 0 0 0 0 0 0 0
0 0 0 0 0 0 0 1. 0 0 0 0 0 0
0 0 0 0 0 0 0 0 1. 0 0 0 0 0
0 0 0 0 0 0 0 0 0 1. 0 0 0 0
0 0 0 0 0 0 0 0 0 0 1. 0 0 0
0 0 0 0 0 0 0 0 0 0 0 1. 0 0
0 0 0 0 0 0 0 0 0 0 0 0 1. 0
0 0 0 0 0 0 0 0 0 0 0 0 0 1.


