t = 32490
b = 50 50 50
E = -1.32328675694534 -1.46589860665234 0.142611849707003
10.4405582260559 8.0292022578935 40.828397846565 0.658367633531412 -0.744567176147615 -0.110325787202414 0.611817111084966 0.614742473262116 -0.497766525744002 -0.325591574303868 -0.381527777614365 0.355362623601359 0.337555643891794 0.17032671976761 -0.458829843607572
10.8883428495603 8.32891896809845 40.7941531235227 0.214769649823073 -0.761891057716875 -0.611061382911685 0.689441243122833 0.561423753142741 -0.457683451403195 0.717763923182555 -0.0624896827930335 0.26982170031697 -0.282524587755088 -0.580915354872082 0.0767046807653651
11.339783898352 8.48898366885381 40.5875610877556 -0.247546310184237 -0.651390515494636 -0.71722466538582 0.707133696199703 0.384582416728249 -0.593345009621246 0.189019171741258 -0.188448586441246 -0.395198301597644 -0.299950993923794 0.518584179830401 -0.560966699089003
11.8108965552103 8.3578408853871 40.3869572325523 -0.607414259025843 -0.145196248464638 -0.781003180124046 0.645714292414288 0.482419846348065 -0.591881866947638 -0.113179367187625 -0.0642764017870678 0.765607033387243 -0.179306863222317 0.298151193999062 -0.51328566329346
12.1741468706842 8.38601211685189 39.9487402305289 -0.889935288612615 0.282142897544248 -0.358344202474764 0.44985626567237 0.413582848236199 -0.791567159424962 -0.103550465010063 0.30785305494529 0.332029307791612 0.417502534214336 0.519219329477662 -0.0108939524415119
12.2631359455694 8.33788356526737 39.4410909207915 -0.658878207519601 0.747706918846764 0.0825461759529011 0.467542389815722 0.493000408036162 -0.73372659172311 0.142973581447154 -0.269458825192599 0.429513393276878 0.211549843306454 0.203073842715343 0.000909960132180072
12.2209911603536 8.41160041790108 38.9061422458552 -0.230886558703211 0.875925486464797 0.423610598511948 0.674140107217225 0.457950772462672 -0.579496510638322 -0.040069185903147 -0.247671123575039 -0.259611301867111 -0.200472024665342 0.241245111396145 0.15911998034326
12.3369138600658 8.73801376907258 38.4719996906952 0.134698525107047 0.561595264307282 0.816374342101488 0.672842753385175 0.552981739364959 -0.491420212390557 -0.459748776846133 -0.191283034285672 0.264796843380603 -0.65364940976086 0.0482637250087042 -0.0209057499193608
12.4203529923337 9.19982677915894 38.2526599251274 0.484684431881868 0.117898943926327 0.866706894233806 0.667042786967187 0.591139313682936 -0.453440439499512 0.471883431701395 0.117443071213039 0.330334013567553 0.40345743666635 -0.373757600511862 0.232838478211109
12.6420132060017 9.64835365060436 38.1817003803975 0.623714711794047 -0.561010433791134 0.54428600153704 0.781612828019068 0.454609890091923 -0.427096282946434 0.343539323200816 0.226361244453011 -0.0592976359297435 -0.382446960360398 -0.189523630070847 0.0755406623637687
13.0925583811341 9.90559144783913 38.1533904671636 0.334131569599327 -0.915295161512372 0.224924123893284 0.901633662591245 0.240870101751762 -0.359219059299987 0.207732182736638 -0.0583848466740355 -0.339673155463975 0.0875716702763923 -0.187601574389068 0.25616499405764
13.6400604310397 10.0607498519479 38.2542978830556 0.0443166192028051 -0.950700668367142 -0.306927151664214 0.910370847676055 0.164953493249878 -0.379493431782688 -0.180233368009995 0.257648134830198 0.0427240271371842 -0.344346382918782 -0.165273162314944 -0.240296729725267
14.1623161213099 9.9024690809427 38.3766851765305 -0.246466410558341 -0.716661581716013 -0.652418949570582 0.968958012890831 -0.168773630423324 -0.180653898182106 0.0381609580700864 -0.1283514172209 0.134495561321064 -0.161222435513069 -0.312065137302625 0.00974166681932805
14.5811964967811 9.53561624100108 38.3248122454702 -0.278061219295607 -0.0693190658726524 -0.958058884114307 0.918006436235146 -0.312765695505278 -0.243806896428149 -0.398681608494491 -0.125770054622127 -0.705354156891961 0.0246441960788188 0.428117251518579 0.0196099746273531
14.9570925061901 9.10967454286644 38.0489051931575 -0.384197620834443 0.466825639618734 -0.796533747144277 0.883906802888523 -0.0631894856240125 -0.463374419572317 0.0654029213701222 0.22539461493981 -0.483048986818458 -0.0554305622240673 -0.225502870323675 -0.328453174824331
15.3396277933627 8.84982687828228 37.6354361331993 -0.291664543151531 0.858159606848086 -0.422485364767304 0.828026409769413 0.00539991916500107 -0.56066309455623 0.29782722544702 0.0659931025870926 -0.173530099908698 0.12966644299377 0.0166026596993913 0.110694772312937
15.4446026988012 8.77583030720562 37.1583202322296 0.162438672617771 0.984520214111301 0.0658302790850755 0.672079122561363 -0.0615470893740357 -0.737917074478379 -0.24201509534392 0.390158076631941 0.00429855730052001 0.434512844372093 -0.101720028099927 -0.0643960299847578
15.551796757127 8.80492653987609 36.6107814078523 0.280281200220067 0.865863899737994 0.414393720914898 0.732888750575302 0.0857729425941031 -0.674920055709511 -0.105623910919988 0.242951816763826 -0.183203821828826 0.368783875371568 -0.197979942662839 0.0743605566237103
15.8333934635347 9.08315731806786 36.182404200494 0.3895113983408 0.319481192152907 0.863836002041544 0.89119920620317 0.106000808595882 -0.441053061932311 -0.285824935253011 0.257723036472023 0.275861312442576 -0.216739167161705 0.00937485457465805 -0.0844452662779202
16.1847694149879 9.32639607003986 35.8926772227513 0.316668189931142 -0.230510811850687 0.920101093959617 0.942215096116402 0.188244435403189 -0.277118648217809 -0.800124238924431 0.00595519362968255 -0.0969189055099906 -0.00769568314135456 -0.146822013373889 0.222648653227208
16.6624736667707 9.58464282630969 35.9746821158786 0.232065468966079 -0.792338998025538 0.564220285279985 0.972409906159886 0.174809116803294 -0.154469243166888 -0.182542214786161 0.366147110967542 -0.492411152995321 0.498174509080847 -0.52668000019951 -0.0569825121371854
17.0963161486773 9.74348813832191 36.2252470163367 0.214047851254856 -0.961956244990775 0.169775440203928 0.938800751801841 0.250604736269483 0.236326923086632 0.0814467946088759 0.286852543676057 -0.102441516252473 -0.0994183721457142 0.271663540289489 -0.0629355487327874
17.4215705742662 9.76678986927773 36.6350958211155 0.247917700067941 -0.880678856345901 -0.403660211041799 0.942939281154311 0.123764347775448 0.309108230682891 -0.194422662651622 0.132552894143903 -0.432793587491345 -0.310711335550695 -0.0638345322057749 0.250845555597692
17.7647845316205 9.59457996961921 36.969005363436 0.348208057071468 -0.384309874520221 -0.855018753792421 0.934708178687853 0.0730481374338008 0.34782839204342 -0.0394445788587765 -0.531238696923371 0.154053982729261 -0.523571999564818 -0.0712864459163982 -0.18200681332547
18.2660318837383 9.43105295671801 37.1112634507112 0.115634949881326 0.157160066109442 -0.980779930456572 0.993291584191136 -0.0189144440911266 0.114079238162655 -0.411540698593023 0.273990212822147 0.0356406879692552 -0.314041197544346 0.356015354304844 -0.468985552358297
18.7256599312999 9.22290711073965 37.0748217951002 -0.0327217519115409 0.739473112050237 -0.672390365417696 0.986206461697332 0.133103101091196 0.0983889190219588 -0.096132588326401 0.23690113227842 -0.264753173925372 0.113828660882207 0.192514745604045 -0.391896550623217
19.2022524494082 9.19974459489228 36.8463426944959 -0.244698097987841 0.951780619748576 -0.185031058777049 0.935383530083897 0.28197283430253 0.213422052195139 0.262774995293376 0.329629703323021 -0.356647288363082 0.186031631092463 -0.0421832645188089 0.403982125517001
19.7081695380338 9.48852789721536 36.777437514056 -0.606941947018603 0.775845860567317 0.17229240723208 0.790719771631894 0.56771165773547 0.229053959628848 0.163496877822786 -0.0372074436604476 0.157304258454684 -0.195686900137408 0.169759462204659 -0.306224994263667
20.0360673968385 9.89651065875218 36.5345435883621 -0.543572895406272 0.461454774225431 0.701133367287716 0.787626559133639 0.569147385951075 0.236041641267677 0.318858041381507 -0.459720759254582 0.551493267707553 -0.415719539138917 0.026974730333838 -0.143676682757229
20.2552962818951 10.3750282321491 36.6053025383032 -0.408103255442237 -0.146187733356852 0.901155302660662 0.778054832198738 0.460680556232842 0.427087933804269 -0.0131291938927355 -0.68172339543415 0.356560520307815 -0.503642972842825 0.565315166825572 -0.553699611419129
19.7668007355948 10.4781805950988 37.6593898378077 0.366780195874717 -0.106969224306445 -0.924137366934902 -0.809500582329694 -0.526227834193194 -0.260371030892903 -0.019554017339312 -0.435543617106739 -0.167311079156048 -0.162390560773389 -0.0845242470749057 0.312851687608876
19.3244567408655 10.3472238964378 37.4257577461674 0.579231437241758 -0.197886687756305 -0.790779236525375 -0.80550283111686 -0.287850915628697 -0.517983628539015 -0.231335416774953 0.298759175743016 0.103060711946196 -0.373073765545556 -0.209169637001647 -0.168727854468688
19.044882853953 10.4132121750883 37.085855518716 0.46627838129242 -0.838891039253578 -0.280795825110347 -0.844322628115222 -0.327285142065396 -0.424268470942525 -0.350068977087095 0.37029706478695 -0.0345488068513077 -0.288974374146633 -0.208672583020988 -0.0252836893098555
18.7837922797089 10.2990154268899 36.5609896986334 0.416740400434236 -0.883599303527467 0.213494050155259 -0.732208146318435 -0.465471125693451 -0.497200021732304 0.211026680790558 -0.183526248693975 0.442496329932391 -0.0819391940317583 0.563386350667829 -0.0257406257340348
18.6159872241374 9.98186351947401 36.1285096434193 0.0342344426471786 -0.546336666315122 0.836865729956921 -0.739708010740577 -0.576932444811494 -0.346382755012468 -0.318771608155841 -0.143153130748641 -0.574618736245863 -0.0392918410899779 -0.150310286803133 -0.284337007232865
18.4228930663957 9.51609095673697 35.947415026212 -0.169602175884377 -0.0146347532379379 0.985403940489836 -0.872498815769251 -0.462691968670468 -0.157041264033055 0.510918664856309 0.246772131352602 0.115519745406295 0.667141758414723 0.495639273139646 0.38260753569836
18.1456468872495 9.11002556180759 36.0054943373947 -0.458927402362757 0.575499436999367 0.676894406369266 -0.833324022211189 -0.543050909844194 -0.103280120658014 0.297729980929412 -0.0571853959623477 -0.463693909211587 0.0132952371576217 -0.0118071111051463 0.0128030474516907
17.712435729013 8.79622408944569 36.1147669354483 -0.291439129059895 0.893982930203502 0.340378839761759 -0.932599920572382 -0.344722744839219 0.106881323620748 -0.407725883255735 -0.349798927837581 0.496958485372162 -0.184734377992672 -0.245595541406423 0.533993855702423
17.3580813537208 8.57549924240777 36.383812312414 -0.199725627615136 0.952869617017326 -0.228361920290987 -0.948214047810629 -0.129210062630377 0.290163538801207 -0.0768080586647982 -0.359096479000058 0.368943524000283 -0.331504803004591 -0.651347485178763 -0.120101266226459
17.0184604530852 8.77852955713298 36.7575995165434 -0.282394911855982 0.607660494889318 -0.742294979579371 -0.949314826396385 -0.0656751606676864 0.307389221761702 -0.386788897102263 0.248287511576207 -0.341548341172121 0.0713239620823008 0.399137103188152 -0.551313662019308
16.6040055609516 9.09504580632667 36.9961686326553 -0.337519434924879 0.243850528628202 -0.909185102570289 -0.896264574917569 0.211985667009815 0.389579117420626 -0.283425840320434 -0.0429029331501369 -0.270174084442384 -0.0650397908237017 0.39801508839 0.0391976194306612
16.3524940800258 9.50448204022011 37.1485773254349 -0.469274257755999 -0.433347774075662 -0.769409759303368 -0.873198137918029 0.357526048026806 0.331210109928489 0.12216877303072 0.443633494239185 0.473708599061495 0.472661767315488 0.165631027366093 -0.418568034016328
15.9613761673774 9.80274019526774 37.1816188460587 -0.310291662865296 -0.818594192471322 -0.483345251356134 -0.931930119983714 0.161551049082966 0.324665227591982 -0.250734641335722 -0.0791042294458664 -0.329761461407206 0.371261419343238 -0.0387596741197783 -0.620271700066141
15.5579766947601 9.98519652630643 37.0567294362547 -0.0761913112146522 -0.959241545250772 0.272122292288415 -0.927267013480075 0.168499105477309 0.334341049177488 -0.0166337938674897 -0.269089966830209 0.0912733363079391 0.351469747673466 0.0870447644650162 -0.0412968170035254
15.0724905532021 9.92088300830869 37.1595860517522 0.173778863672509 -0.895372151790045 0.410011727075653 -0.956988002309243 -0.0553188643489021 0.284804822085782 0.000388537002895104 -0.52065772215252 0.166104132260114 0.169349427955609 0.0932366776916952 -0.0515354247952948
14.6325301977731 9.76812715978913 37.0893718750945 0.184987101491031 -0.474792662911665 0.86043692361913 -0.979165876556698 -0.163662264568627 0.120203366605211 -0.040160878497644 0.170384398836765 0.349371364781843 -0.298353424977874 0.408999578514865 -0.0825852921985119
14.1994014886896 9.40791040118816 37.154355620351 0.347958113929183 0.197465956749067 0.916478230443064 -0.900916114378542 -0.200027899051833 0.385148016292432 -0.218393188117043 -0.0215445190273858 0.201908608258762 -0.314786018324423 -0.282395791042064 -0.250964743728786
13.8494872635494 9.17040698318621 37.5818252537215 0.442734232167804 0.564531576934753 0.696627948269623 -0.831916638257387 -0.0312271783801612 0.554021272444408 0.290867961978182 0.219711163382329 0.152002212661949 0.0833458576966642 -0.137649088918172 0.651420435951292
13.6929932562695 8.86300923519086 37.9782065784774 0.0432625129432599 0.96735937879413 0.249688180002251 -0.811771066164376 -0.111647200554894 0.573203836995714 0.00308629140448947 -0.25624271589986 0.213520140571505 0.0193512414362339 0.151166212794841 0.494983827799948
13.5046690688898 8.88356716465857 38.5141168957201 -0.331834529124577 0.883854990010916 -0.329675904356827 -0.846854185585349 -0.125143492724827 0.516891762930337 0.361100098790333 -0.0764524693124807 0.114845470893306 0.488488769573754 0.133067369638692 -0.287508248114741
13.3722614184327 9.09334998538259 38.9648431022985 -0.53754929134926 0.512153375176027 -0.669880347275311 -0.793243336329035 -0.0376754299820182 0.607738077912858 0.411423694132562 0.254560741396455 1.06379209237236 0.275328873954396 0.129517035739761 0.126063236668725
12.9890914378348 9.24334459878089 39.3143344448733 -0.437231036610528 0.00210555618416693 -0.899346755849829 -0.8978855975885 -0.0580498919799072 0.436384765641791 0.667323876400111 -0.432679840722446 -0.362288138191148 0.41434657543701 -0.300205477464778 0.119195838195405
12.5010971867362 9.39082814434133 39.4886602250539 -0.171342863167365 -0.432753007478911 -0.885079916029928 -0.902082213250099 -0.292265373201974 0.317535245547493 -0.466688448738561 -0.00192972411571924 0.407981846107636 -0.0259173217220785 -0.538684030452945 0.366168311973861
11.9820615718318 9.44729260603578 39.4058389671856 0.28094862316371 -0.914438514109746 -0.291324690088503 -0.823876827824158 -0.385490017780282 0.415480948740354 0.0541823866638792 0.0652990170941804 -0.200822077480857 -0.319639114490896 -0.28570872125979 0.481759458290803
11.4327407269672 9.14241832541042 39.528013642078 0.694872971463493 -0.676153301506077 -0.244884189754967 -0.555366400233776 -0.720893402723523 0.414585170261912 -0.0303628952728994 -0.237804119408148 0.849151055646166 0.190376482417953 0.23764937168253 -0.274998426782168
11.1417150139963 8.74689058032579 39.4603842020127 0.820142693307277 -0.382754979522383 0.425281775139144 -0.561906444875663 -0.678897312648469 0.472609337704932 0.346903506813813 -0.404997751540803 0.0149609978640887 -0.432218944605448 0.641185867111957 0.512469893496199
11.0172524052495 8.16237057102166 39.5306914131657 0.743490529406426 0.161430371729481 0.648970005290122 -0.372464182670407 -0.706020006456187 0.602333946504136 -0.501684215715361 0.437318587891504 -0.578429894095246 -0.144886978517406 -0.0598016812626188 -0.0597333437547644
11.1033328399501 7.72974404740945 39.7124176809438 0.2328284504101 0.582606628113587 0.778691485479157 -0.368311714374716 -0.688229541251777 0.625049261740809 -0.0465173852135369 0.00994409695788174 -0.470906890125932 -0.0898165438777425 -0.388878060700778 -0.470781334409875
11.2419103159376 7.36762746577705 40.1034857375988 -0.365072523344185 0.755484438850899 0.544026943591292 -0.437766140977421 -0.65503118259211 0.615869268307586 -0.0871089467168765 0.0599526644485764 -0.332986029163164 0.343714953173455 -0.338418302544731 -0.0190458181799509
11.23824210739 7.17549847869493 40.6495455753328 -0.757275201556521 0.652971123154744 0.0127664181960109 -0.465795271499291 -0.553695737379773 0.690257774643924 -0.332861793719775 0.421924050669708 0.109499366840036 -0.282961936327798 -0.393382855569394 -0.19791497245765
