t = 0
b =  50.0 50.0 50.0
E = 0. 0. 0.
33.913170688624824 32.78212322405321 -0.00029233007303386405 -0.3028613278594342 -0.2745913007396196 0.9126196544263901 0.8002764716961469 0.4467264027355578 0.39999136234238175 0.0 0.0 0.0 0.0 0.0 0.0
34.008492538042944 33.22451813642035 0.2893377592711758 0.058132327280192776 -0.7217205576976847 0.6897391312094241 0.8002764716961469 0.4467264027355578 0.39999136234238175 0.0 0.0 0.0 0.0 0.0 0.0
34.11706565329373 33.50239682495134 0.7361939052772463 0.3970405393653926 -0.894656108262155 0.20481518022268985 0.8002764716961469 0.4467264027355578 0.39999136234238175 0.0 0.0 0.0 0.0 0.0 0.0
34.31614417198575 33.57633862545357 1.2297376780595979 0.5851064123818596 -0.7276968454453708 -0.35792148205784613 0.8002764716961469 0.4467264027355578 0.39999136234238175 0.0 0.0 0.0 0.0 0.0 0.0
34.648597715790615 33.48440190713952 1.641693237744848 0.550880576876919 -0.2842733846014432 -0.7846777891765464 0.8002764716961469 0.4467264027355578 0.39999136234238175 0.0 0.0 0.0 0.0 0.0 0.0
35.106624504428055 33.3276650618609 1.8747814706973827 0.3073659999843522 0.2671502878501073 -0.9133218850740542 0.8002764716961469 0.4467264027355578 0.39999136234238175 0.0 0.0 0.0 0.0 0.0 0.0
35.634715382433214 33.2318251331036 1.8996779512095727 -0.052922059187744896 0.7170790994327781 -0.694979726904321 0.8002764716961469 0.4467264027355578 0.39999136234238175 0.0 0.0 0.0 0.0 0.0 0.0
36.15074267538133 33.29944340762493 1.7661537811063543 -0.39310414326477316 0.894577572217736 -0.2126031510422408 0.8002764716961469 0.4467264027355578 0.39999136234238175 0.0 0.0 0.0 0.0 0.0 0.0
36.577161866503204 33.570980667881216 1.5841667160334898 -0.5839393909647275 0.7322110687777666 0.35054491643591673 0.8002764716961469 0.4467264027355578 0.39999136234238175 0.0 0.0 0.0 0.0 0.0 0.0
36.87047205508099 34.00942546430445 1.4820863756921039 -0.5529263010912008 0.29166533839288716 0.7805151093616097 0.8002764716961469 0.4467264027355578 0.39999136234238175 0.0 0.0 0.0 0.0 0.0 0.0
37.037742675927184 34.5143553837916 1.5579244790886402 -0.31184726499835747 -0.2596889304318617 0.9139545627240996 0.8002764716961469 0.4467264027355578 0.39999136234238175 0.0 0.0 0.0 0.0 0.0 0.0
37.13392770290472 34.96008920341569 1.842098553815756 0.04770776087559189 -0.7123830328181662 0.7001673972022898 0.8002764716961469 0.4467264027355578 0.39999136234238175 0.0 0.0 0.0 0.0 0.0 0.0
37.240987715474965 35.24343528829371 2.2858758087659323 0.38913781076167775 -0.8944309106276958 0.2203749313087125 0.8002764716961469 0.4467264027355578 0.39999136234238175 0.0 0.0 0.0 0.0 0.0 0.0
37.43675170425258 35.32289581895085 2.779887536242037 0.5827279003021584 -0.7366695314024055 -0.3431416554614118 0.8002764716961469 0.4467264027355578 0.39999136234238175 0.0 0.0 0.0 0.0 0.0 0.0
37.76534853623963 35.234432506745456 3.1956801125587453 0.5549299178269113 -0.29903508073958524 -0.7762929902992088 0.8002764716961469 0.4467264027355578 0.39999136234238175 0.0 0.0 0.0 0.0 0.0 0.0
38.22044166045622 35.07780413847633 3.434516677310655 0.31630478163576553 0.25220779669613613 -0.9145176391956754 0.8002764716961469 0.4467264027355578 0.39999136234238175 0.0 0.0 0.0 0.0 0.0 0.0
38.74763646959922 34.97866654539982 3.4648889174325723 -0.042489829432741884 0.7076327154775011 -0.7053017470421543 0.8002764716961469 0.4467264027355578 0.39999136234238175 0.0 0.0 0.0 0.0 0.0 0.0
39.265145720786094 35.040833852082095 3.3344876021238794 -0.3851418439076863 0.8942161346608801 -0.2281299291709497 0.8002764716961469 0.4467264027355578 0.39999136234238175 0.0 0.0 0.0 0.0 0.0 0.0
39.6948618765357 35.30683775479687 3.15208406228255 -0.5814720326538602 0.7410718937900953 0.3357122629213155 0.8002764716961469 0.4467264027355578 0.39999136234238175 0.0 0.0 0.0 0.0 0.0 0.0
39.99203146414581 35.74176901901896 3.0462061433373364 -0.5568912745008826 0.30638205040712285 0.7720117535200554 0.8002764716961469 0.4467264027355578 0.39999136234238175 0.0 0.0 0.0 0.0 0.0 0.0
39.32376193474475 36.1094274795075 3.9726202475614025 0.5568912745008826 -0.30638205040712285 -0.7720117535200554 -0.8002764716961469 -0.4467264027355578 -0.39999136234238175 0.0 0.0 0.0 0.0 0.0 0.0
38.997095437351064 36.196124027344986 3.554938777788129 0.5814720326538603 -0.7410718937900955 -0.3357122629213155 -0.8002764716961469 -0.4467264027355578 -0.39999136234238175 0.0 0.0 0.0 0.0 0.0 0.0
38.802975508096864 36.11389321367515 3.0607316871187398 0.3851418439076864 -0.8942161346608805 0.22812992917094999 -0.8002764716961469 -0.4467264027355578 -0.39999136234238175 0.0 0.0 0.0 0.0 0.0 0.0
38.696648674279935 35.827825803972814 2.618526820981987 0.04248982943274181 -0.7076327154775012 0.7053017470421546 -0.8002764716961469 -0.4467264027355578 -0.39999136234238175 0.0 0.0 0.0 0.0 0.0 0.0
38.60000739841914 35.38045349451169 2.3370955102758444 -0.31630478163576575 -0.252207796696136 0.9145176391956757 -0.8002764716961469 -0.4467264027355578 -0.39999136234238175 0.0 0.0 0.0 0.0 0.0 0.0
38.431264437631924 34.875590409857956 2.2641285241996942 -0.5549299178269116 0.2990350807395856 0.776292990299209 -0.8002764716961469 -0.4467264027355578 -0.39999136234238175 0.0 0.0 0.0 0.0 0.0 0.0
38.13602518461517 34.438892381267955 2.3681175496883426 -0.5827279003021586 0.7366695314024061 0.3431416554614116 -0.8002764716961469 -0.4467264027355578 -0.39999136234238175 0.0 0.0 0.0 0.0 0.0 0.0
37.70795308838898 34.170118195540475 2.5503257263363874 -0.38913781076167786 0.8944309106276963 -0.22037493130871283 -0.8002764716961469 -0.4467264027355578 -0.39999136234238175 0.0 0.0 0.0 0.0 0.0 0.0
37.191177015955425 34.10522956403389 2.6822994304585044 -0.04770776087559182 0.7123830328181665 -0.7001673972022904 -0.8002764716961469 -0.4467264027355578 -0.39999136234238175 0.0 0.0 0.0 0.0 0.0 0.0
36.66352595792916 34.20272866727337 2.6546699543575603 0.3118472649983578 0.25968893043186164 -0.9139545627241001 -0.8002764716961469 -0.4467264027355578 -0.39999136234238175 0.0 0.0 0.0 0.0 0.0 0.0
36.20696049377155 34.35942387037591 2.4187045069260362 0.5529263010912012 -0.29166533839288755 -0.7805151093616101 -0.8002764716961469 -0.4467264027355578 -0.39999136234238175 0.0 0.0 0.0 0.0 0.0 0.0
35.876434597345536 34.44963395041454 2.00482061575659 0.583939390964728 -0.7322110687777674 -0.3505449164359168 -0.8002764716961469 -0.4467264027355578 -0.39999136234238175 0.0 0.0 0.0 0.0 0.0 0.0
35.67901770346361 34.372936494286215 1.5110299998556653 0.3931041432647735 -0.8945775722177369 0.21260315104224126 -0.8002764716961469 -0.4467264027355578 -0.39999136234238175 0.0 0.0 0.0 0.0 0.0 0.0
35.57120891140792 34.092320052422934 1.065702278924387 0.052922059187744806 -0.7170790994327787 0.6949797269043219 -0.8002764716961469 -0.4467264027355578 -0.39999136234238175 0.0 0.0 0.0 0.0 0.0 0.0
35.47546370440928 33.648245407281024 0.778795208608517 -0.3073659999843527 -0.2671502878501072 0.9133218850740552 -0.8002764716961469 -0.4467264027355578 -0.39999136234238175 0.0 0.0 0.0 0.0 0.0 0.0
35.30965440804292 33.14327384561779 0.700079890732992 -0.5508805768769198 0.28427338460144386 0.7846777891765471 -0.8002764716961469 -0.4467264027355578 -0.39999136234238175 0.0 0.0 0.0 0.0 0.0 0.0
35.01827186684398 32.70310241091913 0.8002318995901826 -0.5851064123818602 0.7276968454453719 0.35792148205784624 -0.8002764716961469 -0.4467264027355578 -0.39999136234238175 0.0 0.0 0.0 0.0 0.0 0.0
34.5935143005322 32.42880949503675 0.9819721215444748 -0.39704053936539296 0.8946561082621562 -0.2048151802226904 -0.8002764716961469 -0.4467264027355578 -0.39999136234238175 0.0 0.0 0.0 0.0 0.0 0.0
34.07825133077918 32.35845346718313 1.1170247167224856 -0.05813232728019274 0.7217205576976856 -0.6897391312094252 -0.8002764716961469 -0.4467264027355578 -0.39999136234238175 0.0 0.0 0.0 0.0 0.0 0.0
33.5497370951935 32.452613663165664 1.0948512552386354 0.30286132785943476 0.2745913007396199 -0.9126196544263914 -0.8002764716961469 -0.4467264027355578 -0.39999136234238175 0.0 0.0 0.0 0.0 0.0 0.0
