60 2
1 T -1 1
1 T 0 2
1 T 1 3
1 T 2 4
1 T 3 5
1 T 4 6
1 T 5 7
1 T 6 8
1 T 7 9
1 T 8 10
1 T 9 11
1 T 10 12
1 T 11 13
1 T 12 14
1 T 13 15
1 T 14 16
1 T 15 17
1 T 16 18
1 T 17 19
1 T 18 20
1 T 19 21
1 T 20 22
1 T 21 23
1 T 22 24
1 T 23 25
1 T 24 26
1 T 25 27
1 T 26 28
1 T 27 29
1 T 28 -1
2 A -1 31
2 A 30 32
2 A 31 33
2 A 32 34
2 A 33 35
2 A 34 36
2 A 35 37
2 A 36 38
2 A 37 39
2 A 38 40
2 A 39 41
2 A 40 42
2 A 41 43
2 A 42 44
2 A 43 45
2 A 44 46
2 A 45 47
2 A 46 48
2 A 47 49
2 A 48 50
2 A 49 51
2 A 50 52
2 A 51 53
2 A 52 54
2 A 53 55
2 A 54 56
2 A 55 57
2 A 56 58
2 A 57 59
2 A 58 -1
