t = 0
b =  20.0 20.0 20.0
E = 0. 0. 0.
12.742028754864503 3.864342171623761 9.97349716438245 -0.044010178821389696 0.9672166110724028 -0.250110238546377 0.545296062000095 0.23302730047333786 0.8052021373551472 0.0 0.0 0.0 0.0 0.0 0.0
13.24405578965018 4.029890554464082 10.069662082110357 -0.5264949867700638 0.8426782829315312 0.11267803859473408 0.545296062000095 0.23302730047333786 0.8052021373551472 0.0 0.0 0.0 0.0 0.0 0.0
13.626068275635431 4.3875274784135545 10.191511962281352 -0.8089555467180306 0.3979923862754056 0.4326580449973632 0.545296062000095 0.23302730047333786 0.8052021373551472 0.0 0.0 0.0 0.0 0.0 0.0
13.823679319292486 4.835886779337355 10.4119862574231 -0.7840803694523347 -0.19789747200459823 0.5882640264487362 0.545296062000095 0.23302730047333786 0.8052021373551472 0.0 0.0 0.0 0.0 0.0 0.0
13.842559218061757 5.239135345290854 10.766555355903593 -0.4613199507069995 -0.718602772000767 0.5203786690022036 0.545296062000095 0.23302730047333786 0.8052021373551472 0.0 0.0 0.0 0.0 0.0 0.0
13.756281219551916 5.47857838675591 11.239744788356877 0.036703630170191466 -0.9662988645161972 0.2547927549343537 0.545296062000095 0.23302730047333786 0.8052021373551472 0.0 0.0 0.0 0.0 0.0 0.0
13.67836981469425 5.497753571649861 11.77101423731451 0.520782888293755 -0.8468818627464537 -0.10759318664074839 0.545296062000095 0.23302730047333786 0.8052021373551472 0.0 0.0 0.0 0.0 0.0 0.0
13.719170885609602 5.323882009283583 12.277757815991961 0.8070080201289546 -0.40572028220966044 -0.42910267774887884 0.545296062000095 0.23302730047333786 0.8052021373551472 0.0 0.0 0.0 0.0 0.0 0.0
13.943929460105892 5.057526495821605 12.68668742577482 0.7866373126625897 0.18958121681996437 -0.5875888873660227 0.545296062000095 0.23302730047333786 0.8052021373551472 0.0 0.0 0.0 0.0 0.0 0.0
14.348002034775199 4.834386026698921 12.961676130194084 0.467409938241199 0.7128576419507686 -0.5228402547105073 0.545296062000095 0.23302730047333786 0.8052021373551472 0.0 0.0 0.0 0.0 0.0 0.0
14.858620719573661 4.773741479489011 13.117483382100895 -0.029394286395451635 0.9653075305602806 -0.25945586786757163 0.545296062000095 0.23302730047333786 0.8052021373551472 0.0 0.0 0.0 0.0 0.0 0.0
15.362538975863389 4.933138814243763 13.214147660763503 -0.5150311301842093 0.8510209492286918 0.10250014104903653 0.545296062000095 0.23302730047333786 0.8052021373551472 0.0 0.0 0.0 0.0 0.0 0.0
15.749055869822147 5.286526401152606 13.334176849803411 -0.8049990367546869 0.41341728097361524 0.4255146326701458 0.545296062000095 0.23302730047333786 0.8052021373551472 0.0 0.0 0.0 0.0 0.0 0.0
15.952073208023345 5.734152470267579 13.551202112749314 -0.789134350395895 -0.18125052429167604 0.586869001114594 0.545296062000095 0.23302730047333786 0.8052021373551472 0.0 0.0 0.0 0.0 0.0 0.0
15.97520734622165 6.140462476667207 13.90200418296515 -0.47346433069894994 -0.7070582250313949 0.525262024109157 0.545296062000095 0.23302730047333786 0.8052021373551472 0.0 0.0 0.0 0.0 0.0 0.0
15.890415275339553 6.385598538423311 14.37253974810406 0.02208270413199854 -0.9642426846985719 0.2640992222319278 0.545296062000095 0.23302730047333786 0.8052021373551472 0.0 0.0 0.0 0.0 0.0 0.0
15.81065695755918 6.4109354498624365 14.903276739260631 0.5092401504600765 -0.8550952271707843 -0.0973992896747377 0.545296062000095 0.23302730047333786 0.8052021373551472 0.0 0.0 0.0 0.0 0.0 0.0
15.846979948099444 6.241353377362372 15.411811559271175 0.8029287495870903 -0.4210827964110136 -0.42189418300468734 0.545296062000095 0.23302730047333786 0.8052021373551472 0.0 0.0 0.0 0.0 0.0 0.0
16.81049444760395 5.736054021669156 14.90553853966555 -0.8029287495870903 0.4210827964110136 0.42189418300468734 -0.545296062000095 -0.23302730047333786 -0.8052021373551472 0.0 0.0 0.0 0.0 0.0 0.0
16.421745138111273 5.384821177257495 14.786397591650948 -0.5092401504600765 0.8550952271707843 0.09739928967473771 -0.545296062000095 -0.23302730047333786 -0.8052021373551472 0.0 0.0 0.0 0.0 0.0 0.0
15.916914520297953 5.228507316785025 14.689458814782373 -0.0220827041319985 0.9642426846985719 -0.26409922223192783 -0.545296062000095 -0.23302730047333786 -0.8052021373551472 0.0 0.0 0.0 0.0 0.0 0.0
15.407050149382911 5.291992606629534 14.532318611896137 0.47346433069895005 0.7070582250313948 -0.525262024109157 -0.545296062000095 -0.23302730047333786 -0.8052021373551472 0.0 0.0 0.0 0.0 0.0 0.0
15.005111987548272 5.516651841117567 14.255444914086828 0.7891343503958951 0.1812505242916759 -0.5868690011145938 -0.545296062000095 -0.23302730047333786 -0.8052021373551472 0.0 0.0 0.0 0.0 0.0 0.0
14.783057025716525 5.782627138320945 13.844794409007585 0.8049990367546869 -0.4134172809736153 -0.42551463267014566 -0.545296062000095 -0.23302730047333786 -0.8052021373551472 0.0 0.0 0.0 0.0 0.0 0.0
14.744501619642339 5.954363953318192 13.337147830022348 0.5150311301842093 -0.8510209492286918 -0.10250014104903643 -0.545296062000095 -0.23302730047333786 -0.8052021373551472 0.0 0.0 0.0 0.0 0.0 0.0
14.823347575899122 5.932110516161348 12.80613634065981 0.02939428639545156 -0.9653075305602806 0.25945586786757174 -0.545296062000095 -0.23302730047333786 -0.8052021373551472 0.0 0.0 0.0 0.0 0.0 0.0
14.90889396066464 5.689815197039843 12.334267824541476 -0.4674099382411991 -0.7128576419507686 0.5228402547105073 -0.545296062000095 -0.23302730047333786 -0.8052021373551472 0.0 0.0 0.0 0.0 0.0 0.0
14.887894235301003 5.285023956005563 11.981580760935593 -0.7866373126625898 -0.18958121681996437 0.5875888873660227 -0.545296062000095 -0.23302730047333786 -0.8052021373551472 0.0 0.0 0.0 0.0 0.0 0.0
14.687580509764349 4.83701767063199 11.762834602693307 -0.8070080201289547 0.40572028220966044 0.4291026777488787 -0.545296062000095 -0.23302730047333786 -0.8052021373551472 0.0 0.0 0.0 0.0 0.0 0.0
14.303309280646756 4.481495336354117 11.641902413345612 -0.520782888293755 0.8468818627464536 0.1075931866407483 -0.545296062000095 -0.23302730047333786 -0.8052021373551472 0.0 0.0 0.0 0.0 0.0 0.0
13.800325575756146 4.319019749336473 11.5454960942781 -0.036703630170191515 0.9662988645161971 -0.2547927549343539 -0.545296062000095 -0.23302730047333786 -0.8052021373551472 0.0 0.0 0.0 0.0 0.0 0.0
13.28897527721336 4.376812018889933 11.391009758706238 0.46131995070699944 0.7186027720007669 -0.5203786690022038 -0.545296062000095 -0.23302730047333786 -0.8052021373551472 0.0 0.0 0.0 0.0 0.0 0.0
12.882782875949687 4.598409812931837 11.117903089161585 0.7840803694523347 0.19789747200459815 -0.5882640264487363 -0.545296062000095 -0.23302730047333786 -0.8052021373551472 0.0 0.0 0.0 0.0 0.0 0.0
12.655321619573797 4.865118341944042 10.710701616278188 0.8089555467180307 -0.3979923862754057 -0.4326580449973634 -0.545296062000095 -0.23302730047333786 -0.8052021373551472 0.0 0.0 0.0 0.0 0.0 0.0
12.612261805526105 5.041104493981919 10.204875728424037 0.5264949867700639 -0.8426782829315314 -0.11267803859473424 -0.545296062000095 -0.23302730047333786 -0.8052021373551472 0.0 0.0 0.0 0.0 0.0 0.0
12.689216540278837 5.025002104910644 9.673364878126797 0.044010178821389745 -0.9672166110724029 0.2501102385463768 -0.545296062000095 -0.23302730047333786 -0.8052021373551472 0.0 0.0 0.0 0.0 0.0 0.0
