t = 4067327
b = 116 116 116
E = 0.0252016953684862 -0.488334889158553 0.51353658452704
4853.03378312418 -978.169364602181 -2128.3809556088 0.707106781186548 0.707106781186548 0 0 0 -1 0.925412091174744 -0.279662833739158 -0.396666245960139 -0.148995682420545 0.414849378255118 -0.221464802225209
4835.2693569831 -964.934183143552 -2112.96849943556 0.707106781186548 0.707106781186548 0 0 0 -1 0.8679926632436 -0.302630446854337 -0.379298126870054 -0.434040524329234 0.0965715414572096 -0.113278578098419
4848.31435132647 -955.17584102155 -2090.96990710104 0.707106781186548 0.707106781186548 0 0 0 -1 0.826451301284317 -0.281716648833329 -0.505491192278411 0.00443366167678618 0.166725674905301 -0.061529625867838
4866.22601056318 -940.442449094817 -2099.00689838572 0.707106781186548 0.707106781186548 0 0 0 -1 0.923771202435896 -0.306384818734521 -0.417092735401942 0.263283495523301 0.231556254059694 -0.32228527755375
4882.71148309275 -950.325174562715 -2114.17410890896 0.707106781186548 0.707106781186548 0 0 0 -1 0.952273450830276 -0.288776867347865 -0.427982442993536 0.304349869250502 -0.865844822305212 0.0110973759202109
4875.58776095646 -976.16690408038 -2115.2155160779 0.707106781186548 0.707106781186548 0 0 0 -1 0.93919848449885 -0.304255226597542 -0.324167219904823 0.398857883616119 0.175980868080911 0.200608013004668
4855.33946378115 -978.329806943867 -2102.75538795998 0.707106781186548 0.707106781186548 0 0 0 -1 0.796254354874555 -0.355602482744657 -0.436644484797812 0.117362333214694 -0.625840973451392 0.330874935260093
4843.83643358236 -940.425203622939 -2109.92410851055 0.707106781186548 0.707106781186548 0 0 0 -1 0.865322723045845 -0.24614675082409 -0.361542133250954 0.656231521857722 0.867164325617186 0.118876816207981
4864.13824408171 -936.522315500363 -2124.44526984894 0.707106781186548 0.707106781186548 0 0 0 -1 0.889541308974174 -0.346252854057752 -0.359959769168561 0.236462092423041 0.430550122828941 -0.500018254479531
4867.6211702383 -960.209258931591 -2135.30319916002 0.707106781186548 0.707106781186548 0 0 0 -1 0.946559684726313 -0.325986975341377 -0.407180306473616 0.156735096192739 -0.401317529249222 0.122808432380679
4873.65730764862 -962.493657794967 -2094.41510996413 0.707106781186548 0.707106781186548 0 0 0 -1 0.830836128857407 -0.366054541757349 -0.36091993212108 0.213195615144896 -0.555318571176369 0.29141497750368
4845.81340358001 -952.467613037435 -2130.74942305992 0.707106781186548 0.707106781186548 0 0 0 -1 0.866398158399229 -0.344559734245412 -0.456179878103356 -0.0786576157353879 -0.507810329028566 -0.020675221320055
4859.18077946102 -958.068619169062 -2113.21779960031 0.707106781186548 0.707106781186548 0 0 0 -1 0.87611561089531 -0.300512842462458 -0.408332613608611 -0.164812503809732 0.210746890176042 0.0453225040723634
4783.84351076259 -1058.25976347455 -2425.40619047481 0.707106781186548 0.707106781186548 0 0 0 -1 0.908715379004125 -0.223369233867154 -0.370389544075425 0.0632609900742534 0.103428398598247 0.0337227438989919
4798.85734687059 -1050.99648604651 -2446.666759984 0.707106781186548 0.707106781186548 0 0 0 -1 0.97352010507395 -0.36199225499794 -0.375833128583392 0.338756788575181 0.0717681721828473 -0.191381168400276
4782.16354051955 -1043.72901117457 -2467.1044635756 0.707106781186548 0.707106781186548 0 0 0 -1 0.956625344384641 -0.292577773331418 -0.397730280410468 0.110134627317433 -0.32635483286369 0.31683772633167
4768.23314554608 -1025.27284848042 -2458.99950294518 0.707106781186548 0.707106781186548 0 0 0 -1 0.87088428975258 -0.273563214659291 -0.382934770344227 0.0846714270641122 0.301697983320075 -0.0541659135188326
4754.77435790655 -1029.47414451971 -2438.98504579376 0.707106781186548 0.707106781186548 0 0 0 -1 0.793470120788935 -0.360110679763311 -0.374836940516187 0.373662969639903 -0.50727746042929 -0.00912729509654392
4759.21594207794 -1055.43400225258 -2433.83714356556 0.707106781186548 0.707106781186548 0 0 0 -1 0.916157458094877 -0.372928066148062 -0.402710162690518 0.349760386066693 -0.253766064445553 0.511460998734176
4775.7160313487 -1062.92662219877 -2449.34720884468 0.707106781186548 0.707106781186548 0 0 0 -1 0.876221992335637 -0.414071960697667 -0.417651250868766 -0.561156028668246 0.313241562057316 -0.301874370043781
4792.43024171199 -1026.49810140336 -2453.1360021232 0.707106781186548 0.707106781186548 0 0 0 -1 0.924478656120387 -0.365357757872387 -0.344977988761081 -0.168109529992919 -0.376999654188444 -0.202412432071211
4776.56818208041 -1016.93998632734 -2436.00929191342 0.707106781186548 0.707106781186548 0 0 0 -1 0.847426304526426 -0.190489717841712 -0.376413657919225 0.290861934197912 0.727609480794609 0.176950550231149
4773.19979059663 -1037.35499994329 -2419.73108892809 0.707106781186548 0.707106781186548 0 0 0 -1 0.7962405546591 -0.230041561189896 -0.488454986818648 0.39606125179218 -0.173145045044171 0.352649736354335
4757.69090884429 -1046.44266761142 -2457.06362624372 0.707106781186548 0.707106781186548 0 0 0 -1 0.849139413443922 -0.343342566024151 -0.440016636333806 0.293876159441007 -0.225049432950669 0.420775522852851
4794.04712743974 -1033.9390181474 -2430.21610662763 0.707106781186548 0.707106781186548 0 0 0 -1 0.856031825049965 -0.248584108264187 -0.295836355829669 0.0452759609998761 -0.0646746247775526 -0.033802395447213
4776.49171715561 -1040.70335598968 -2443.01896582194 0.707106781186548 0.707106781186548 0 0 0 -1 0.822691295740601 -0.319473917166709 -0.363688946331346 0.139997245145474 0.0313512590865066 -0.478447247603885
4543.09158364816 -940.46712164698 -2125.83525158591 0.707106781186548 0.707106781186548 0 0 0 -1 0.923402530027947 -0.306124543630641 -0.389338681037384 -0.0605851408353179 0.384474719063227 -0.196545393279521
4553.490380797 -960.959480308012 -2111.6500361535 0.707106781186548 0.707106781186548 0 0 0 -1 0.8416759189015 -0.227889634700993 -0.416358057209499 0.218278335945433 0.192521283993219 0.466776424101444
4545.88311528753 -984.493950398751 -2123.40700238112 0.707106781186548 0.707106781186548 0 0 0 -1 0.86164451886623 -0.430566676139724 -0.428602390540376 0.11398755988799 0.209468499743328 0.0274520805208935
4554.13072875207 -984.226764850661 -2146.48004433091 0.707106781186548 0.707106781186548 0 0 0 -1 0.832788163206979 -0.286197474742886 -0.347443949636741 0.0829990540428699 0.0303416803317196 0.241531659394313
4546.77080543933 -965.641266898998 -2160.6334698301 0.707106781186548 0.707106781186548 0 0 0 -1 0.96814135406402 -0.350789232370411 -0.466073917637758 -0.405019057605665 -0.38609579511703 0.303806163606626
4529.60593417659 -952.261164699726 -2144.96005336116 0.707106781186548 0.707106781186548 0 0 0 -1 0.836743303355173 -0.31838716611774 -0.379714179581891 0.0250564424219191 -0.586537997811783 -0.597678562861361
4530.21418253177 -962.628263941554 -2123.47983257646 0.707106781186548 0.707106781186548 0 0 0 -1 0.807907623198101 -0.334456505231098 -0.358340312115784 0.484969413766386 -0.506773504487879 -0.444683872193139
4568.09541575701 -975.375802348826 -2127.82527017452 0.707106781186548 0.707106781186548 0 0 0 -1 0.830895815446685 -0.315607434093961 -0.416110769709423 -0.369716368259245 -0.724598983975526 0.545857249824397
4569.82370310542 -964.111604837389 -2150.35353117192 0.707106781186548 0.707106781186548 0 0 0 -1 0.842578077034367 -0.29925974403372 -0.376268393306948 0.172600369306005 0.017880240500997 -0.208955473800817
4554.68966449327 -942.836727809717 -2146.87415786506 0.707106781186548 0.707106781186548 0 0 0 -1 0.882221276209061 -0.277478764792563 -0.450365498233621 0.0543363518448317 -0.689338843454808 -0.0941535011254675
4531.55684792982 -977.132183729742 -2144.57280422126 0.707106781186548 0.707106781186548 0 0 0 -1 0.802009457635504 -0.352608759194954 -0.393910384972267 0.00904214247365473 0.244957070063745 -0.586259946885278
4567.39048995861 -951.28132335808 -2128.84321374042 0.707106781186548 0.707106781186548 0 0 0 -1 0.769720360193585 -0.278570164458632 -0.519874228835117 -0.270396977342965 -0.147423183204051 0.517792507047801
4549.55330262918 -963.39212236198 -2136.11741610724 0.707106781186548 0.707106781186548 0 0 0 -1 0.882709636514749 -0.378047415526771 -0.413946991418648 0.0777033562362782 -0.0607935420886419 0.0993604638600496
4792.76115627161 -1345.97339119589 -2330.86381994575 0.707106781186548 0.707106781186548 0 0 0 -1 0.842121920772863 -0.313556769979014 -0.371858288774251 0.405893505434996 0.265964791743598 0.208554767220838
4805.90402042959 -1323.28948835189 -2324.29143561535 0.707106781186548 0.707106781186548 0 0 0 -1 0.955815699652842 -0.342430641230117 -0.462272272584965 -0.339318380509986 -0.148043645411532 -0.457097136570154
4789.69419399493 -1301.91889727183 -2329.83417402649 0.707106781186548 0.707106781186548 0 0 0 -1 0.863759686520177 -0.389272623225367 -0.379581125185315 -0.408850267970456 0.00261272090002252 -0.069310764727764
4769.13648605315 -1304.7061360374 -2316.80681178341 0.707106781186548 0.707106781186548 0 0 0 -1 0.766632486826204 -0.354958817554708 -0.380302404479141 0.274434443652466 -0.170924929546427 -0.259446413070986
4756.40767393906 -1325.27676066681 -2320.45803068252 0.707106781186548 0.707106781186548 0 0 0 -1 0.91983425805941 -0.277545076387426 -0.463916672390258 -0.680858476987024 -0.49404691269441 0.237297618531815
4769.8337676371 -1337.53668188846 -2340.20929461148 0.707106781186548 0.707106781186548 0 0 0 -1 0.825514302618087 -0.303309568757215 -0.396120075778869 0.268394177642741 0.472858065523315 0.299921134351555
4789.3397748204 -1324.47091118659 -2344.53320705718 0.707106781186548 0.707106781186548 0 0 0 -1 0.840297133273366 -0.268885529983287 -0.449460063732605 -0.129369429726207 0.0668702515058629 0.391098648707662
4791.30841230594 -1310.25326246488 -2306.94566882433 0.707106781186548 0.707106781186548 0 0 0 -1 0.824254491622116 -0.252255075528711 -0.42057406859381 -0.79726268289439 0.932956943015852 -0.238473090611349
4771.43806677497 -1324.23544119632 -2300.08307004353 0.707106781186548 0.707106781186548 0 0 0 -1 0.830922265554767 -0.380753589473528 -0.347732606294343 0.269790113196693 0.417126950857905 -0.1382517772918
4774.50380677103 -1345.6757687726 -2315.05462722615 0.707106781186548 0.707106781186548 0 0 0 -1 0.943468225106074 -0.217543930298181 -0.379562425105607 0.350593288255318 -0.507963115086655 -0.230436916158165
4767.23244752938 -1312.73579273016 -2339.08187171735 0.707106781186548 0.707106781186548 0 0 0 -1 0.856941932892538 -0.264642953456742 -0.413329617663874 -0.09982487520592 -0.356573653373081 0.477011633857081
4793.44633857662 -1334.30851988458 -2306.76331041945 0.707106781186548 0.707106781186548 0 0 0 -1 0.897100817206744 -0.293615176503408 -0.469460698722382 -0.287599387568083 0.0862993648679159 -0.227491866703465
4781.02689893095 -1324.24396886782 -2322.95659792776 0.707106781186548 0.707106781186548 0 0 0 -1 0.837100432547916 -0.251648688552052 -0.38526709216067 -0.146823211594268 -0.350733456894309 -0.0757522491310981
4585.67033852842 -972.210410816432 -2313.8319105103 0.707106781186548 0.707106781186548 0 0 0 -1 0.907644463489045 -0.311612203022845 -0.370062946139122 0.0384159109534569 -0.438437821162636 -0.386388541516447
4601.845740528 -986.259375217868 -2297.36083568612 0.707106781186548 0.707106781186548 0 0 0 -1 0.865536026478401 -0.281229205920408 -0.375260022347385 0.252207371925704 0.10163040631523 0.678561918529538
4600.10761788158 -1012.77509574342 -2303.97175557332 0.707106781186548 0.707106781186548 0 0 0 -1 0.98151612751401 -0.306585938705732 -0.322245672607605 0.289314358078609 -0.229698371479819 -0.00290822583725326
4606.81307227429 -1015.00497637239 -2327.47269283127 0.707106781186548 0.707106781186548 0 0 0 -1 0.972223195136882 -0.275485970346708 -0.379612700056668 0.0355048910052798 -0.405756639917537 0.457163780763761
4594.08416794973 -1001.9840816897 -2343.83809300197 0.707106781186548 0.707106781186548 0 0 0 -1 0.875293725797458 -0.378292610764984 -0.364135885199348 -0.0288785762809419 -0.232259772117894 -0.123364186624185
4574.82616213918 -990.472523769447 -2329.14914636974 0.707106781186548 0.707106781186548 0 0 0 -1 0.887615893729917 -0.474465792817896 -0.360315567211856 -0.432683735769201 -0.525936876640683 -0.044928171659811
4579.21348584514 -995.945130326974 -2306.35251984415 0.707106781186548 0.707106781186548 0 0 0 -1 0.803460309751894 -0.282734858500089 -0.422351245787788 0.442613613213733 0.193150215941916 -0.622241400379372
4618.88887765481 -999.502054781725 -2312.14598816195 0.707106781186548 0.707106781186548 0 0 0 -1 0.789767449957381 -0.287892331458778 -0.382110806586043 0.620010872598549 -0.095779207459102 -0.100483245502404
4616.43893913992 -992.743489174373 -2336.3324904043 0.707106781186548 0.707106781186548 0 0 0 -1 0.814136715867821 -0.299231632507233 -0.444071790281942 -0.868802374538898 0.477466851655823 0.0165870145063377
4596.43447946043 -975.679778800942 -2335.16193141538 0.707106781186548 0.707106781186548 0 0 0 -1 0.81295837118215 -0.319706399909099 -0.474232048231467 -0.0245725383106343 -0.29554768461206 -0.136515032721751
4583.28633641216 -1013.48902717648 -2324.54114382304 0.707106781186548 0.707106781186548 0 0 0 -1 0.805687862372024 -0.275839565471794 -0.42072330017447 -0.145548145856474 0.225448452187211 0.054364579866877
4611.81944888522 -977.007834787032 -2317.3262544973 0.707106781186548 0.707106781186548 0 0 0 -1 0.859914462256277 -0.315126717057315 -0.445500573946867 0.155862036288729 -0.0479610234622686 -0.319432829642745
4597.44259194776 -994.338747548844 -2320.49471626178 0.707106781186548 0.707106781186548 0 0 0 -1 0.807242802448196 -0.337514029281092 -0.437980590418016 -0.208627238767933 -0.122097751875888 0.203217487550215
4582.49922598901 -982.095635005657 -1777.53599475248 0.707106781186548 0.707106781186548 0 0 0 -1 0.771891753636967 -0.208327406876967 -0.344803931244367 0.0769173317610371 -0.465897260184833 0.230880663789825
4595.48612827599 -959.839987912118 -1785.65574880069 0.707106781186548 0.707106781186548 0 0 0 -1 0.87955256764481 -0.269826625971369 -0.376321742124646 0.217130727471312 0.807919220032678 0.331382537865478
4621.41738201516 -966.483391621662 -1791.4006404646 0.707106781186548 0.707106781186548 0 0 0 -1 0.909026602468148 -0.291887922755847 -0.451082709703657 -0.0808834377310231 0.19800284974535 -0.168824085821551
4620.88500573154 -983.724584190746 -1808.85457949142 0.707106781186548 0.707106781186548 0 0 0 -1 0.928392399600961 -0.27124286860299 -0.410068874468363 0.0522983852514732 -0.130255934887706 0.0713444930842774
4608.44554057159 -1004.19366359612 -1803.85617838242 0.707106781186548 0.707106781186548 0 0 0 -1 0.832452464154679 -0.262618738724534 -0.348522544956276 -0.439236477738363 0.0311665105639782 -0.0656532400988414
4600.79807686146 -1000.78082794689 -1778.36869574244 0.707106781186548 0.707106781186548 0 0 0 -1 0.90566649136378 -0.28743023282534 -0.356279223930161 -0.188967656371768 -0.0366812342666346 -0.138202972913053
4607.37480765318 -978.726325416841 -1771.99351181809 0.707106781186548 0.707106781186548 0 0 0 -1 0.885400550848891 -0.363126866439529 -0.487284991519646 -0.218666651911938 0.1866075742821 0.128399393521739
4605.16653132935 -964.392823197182 -1809.50791119867 0.707106781186548 0.707106781186548 0 0 0 -1 0.865633441706973 -0.33528427443503 -0.357037468527554 -0.0468227715919781 0.000388035976088311 0.488400308709853
4596.94947955853 -986.689840755345 -1818.06905033046 0.707106781186548 0.707106781186548 0 0 0 -1 0.992873038279753 -0.345439965140272 -0.404805785708045 -0.00745981434872763 -0.304730178204089 0.456993579693506
4582.84411151907 -995.428497128041 -1797.65187526354 0.707106781186548 0.707106781186548 0 0 0 -1 0.884970228833094 -0.295696825632001 -0.414040381680884 0.2673732058347 -0.0218230304332896 0.157846449238814
4622.76738059159 -992.676934524983 -1786.96210269481 0.707106781186548 0.707106781186548 0 0 0 -1 0.914319074240792 -0.192944729258726 -0.391362910239019 -1.01777945037722 0.43896200308427 -0.303356342398125
4583.50062855354 -972.364087100757 -1802.48684448318 0.707106781186548 0.707106781186548 0 0 0 -1 0.874547356569763 -0.409542674797707 -0.4009181130675 -0.38105121549964 -0.107222583485782 -0.163191319614857
4602.2728828315 -982.182731254874 -1794.27429958527 0.707106781186548 0.707106781186548 0 0 0 -1 0.777950657803861 -0.265490010820681 -0.360647072829299 0.251100622908971 0.101190205289456 -0.415330687559363
4626.12027983828 -1038.65822628872 -2129.8128994087 0.707106781186548 0.707106781186548 0 0 0 -1 0.891194563269306 -0.257156640263216 -0.40937175017637 0.261724845121356 0.0429554034183329 -0.90824700716991
4644.74058758902 -1058.04986812339 -2132.70335468077 0.707106781186548 0.707106781186548 0 0 0 -1 0.790756244990305 -0.231444481971184 -0.363104283894561 -0.109075933228918 -0.06897719977751 -0.0749837925040272
4658.48334932741 -1053.64568555997 -2155.95484113914 0.707106781186548 0.707106781186548 0 0 0 -1 0.836265991935504 -0.373202340350778 -0.369268210648997 -0.372176253081175 -0.322930833126751 -0.19513863745883
4668.62773342771 -1031.38777224051 -2154.405346924 0.707106781186548 0.707106781186548 0 0 0 -1 0.78914667984406 -0.423959960706307 -0.358246789718753 -0.213761611382637 0.322937195153154 -0.101100718015475
4653.46264632363 -1012.5308422203 -2150.48837225624 0.707106781186548 0.707106781186548 0 0 0 -1 0.855115754870308 -0.340671252304178 -0.440755406367252 0.202502725228027 -0.318675330453927 0.18596511679584
4629.12804634378 -1023.82493103707 -2151.18647687685 0.707106781186548 0.707106781186548 0 0 0 -1 0.870028938830186 -0.320300505299026 -0.413791541709305 0.110619704753255 0.0332227132988643 0.40665322697528
4632.42827344332 -1047.40344676879 -2153.18314824913 0.707106781186548 0.707106781186548 0 0 0 -1 0.855956108608395 -0.372905125467852 -0.39061145921115 -0.0705686211335909 0.597262573569661 0.0363610575565891
4668.16566595184 -1046.61205525853 -2134.68371040961 0.707106781186548 0.707106781186548 0 0 0 -1 0.965308048222152 -0.321021064982907 -0.45502818684368 -0.15753946422784 -0.187659930616618 -0.0295259516440781
4665.98721937649 -1021.80365075842 -2130.55800538512 0.707106781186548 0.707106781186548 0 0 0 -1 0.895678445373219 -0.309607109378368 -0.30711978984249 0.200336914876851 0.192505277804823 0.099248124629198
4640.0331707928 -1019.11817823811 -2127.07164250438 0.707106781186548 0.707106781186548 0 0 0 -1 0.84461913455383 -0.335418507590421 -0.393022426239628 -0.228202922294791 -0.0102983354654117 0.447374182970719
4647.83922072721 -1031.34039973495 -2165.85913054116 0.707106781186548 0.707106781186548 0 0 0 -1 0.839110387156907 -0.314593367835943 -0.436207053195969 0.0741111435094599 0.429814429458639 -0.101611704107316
4650.946813995 -1038.70716013479 -2119.68817660881 0.707106781186548 0.707106781186548 0 0 0 -1 0.906518303021312 -0.218708343064313 -0.505897474830718 -0.232274221716554 0.307692786919725 0.147061256089388
4648.75317364308 -1035.35306800991 -2142.07083322144 0.707106781186548 0.707106781186548 0 0 0 -1 1.01836415393408 -0.310576678296312 -0.396178984926285 0.632957033689638 0.0918957023686506 -0.593092894297139
4329.45930028755 -694.541389721563 -2031.13317694713 0.707106781186548 0.707106781186548 0 0 0 -1 0.923728652126292 -0.315055855745764 -0.322280244223575 -0.519271800906266 -0.292493285880852 -0.0468827971775
4323.12301393421 -693.971258932403 -2057.43263267141 0.707106781186548 0.707106781186548 0 0 0 -1 1.01113501688358 -0.187181151261994 -0.428214574476143 0.0433454920825561 0.0424412233262044 0.609638772942272
4346.10706840806 -697.122964678035 -2071.97607390734 0.707106781186548 0.707106781186548 0 0 0 -1 0.87246360077318 -0.286561786946832 -0.34950038934826 -0.00734545512215312 -0.153937076698072 -0.166569256223154
4356.09068752642 -718.568603200983 -2065.42069940754 0.707106781186548 0.707106781186548 0 0 0 -1 1.00320155708506 -0.24938281231123 -0.452336898162277 -0.091891505968777 0.0247270862316669 -0.38409022024948
4361.37668579705 -721.481124971318 -2041.6916665985 0.707106781186548 0.707106781186548 0 0 0 -1 0.89944689242315 -0.250674337539095 -0.475820419468886 0.0193994918643604 -0.306872000521736 0.177028673526912
4355.47030824671 -697.610759638373 -2030.97109589111 0.707106781186548 0.707106781186548 0 0 0 -1 0.849318843039814 -0.389000498996371 -0.360747920473424 -0.374172119499947 -0.0336858238555756 0.56532289884013
4345.70138675535 -684.383076903101 -2048.28782900797 0.707106781186548 0.707106781186548 0 0 0 -1 0.906881110528524 -0.296440102395928 -0.34927820934971 0.0841120899520171 0.175598019139358 0.204191902026031
4331.46127241922 -716.291526827225 -2068.20504074401 0.707106781186548 0.707106781186548 0 0 0 -1 0.846209139991993 -0.349532487012987 -0.403772151275414 -0.0746480341110571 -0.0274634643845023 -0.138633407334375
4339.98287781219 -731.889949863733 -2050.2685125458 0.707106781186548 0.707106781186548 0 0 0 -1 0.927075048435976 -0.25154363402022 -0.475538044684842 -0.0462704587473203 -0.289554804813885 -0.132276590620438
4337.24318589524 -717.218819065183 -2028.5763379921 0.707106781186548 0.707106781186548 0 0 0 -1 0.830508545649117 -0.232879298783168 -0.363837449562528 0.0557946273585117 0.326363706119635 -0.129183907620711
4365.25103431072 -700.003234340907 -2053.77843803389 0.707106781186548 0.707106781186548 0 0 0 -1 0.886934700337641 -0.202191507531882 -0.41208643140787 -0.0933496164740476 0.225696651600767 -0.177600811826754
4321.61866920295 -715.309583803892 -2046.16043837833 0.707106781186548 0.707106781186548 0 0 0 -1 0.887208332549606 -0.34147624783088 -0.417723251881041 0.381807957534114 -0.0188105536382631 0.0661118475729118
4342.64509488298 -707.267529630875 -2049.46578927319 0.707106781186548 0.707106781186548 0 0 0 -1 0.906241818853726 -0.293134371134968 -0.453129948962158 -0.545373666029351 0.424345641087407 -0.0393671553969463
