t = 37326
b = 116 116 116
E = -0.268150008098708 -0.268152715770924 2.70767221547138e-06
18.1546000676534 25.8181624790363 53.415120933915 0.707106781186548 0.707106781186548 0 0 0 -1 -0.00045466081228789 0.000896512978514746 -0.000228489414005976 -0.148995682420545 0.414849378255118 -0.221464802225209
38.9778048668689 11.9669129333179 43.1774750637894 0.707106781186548 0.707106781186548 0 0 0 -1 0.00117541112234581 0.00197089516093561 0.00170336055285051 -0.434040524329234 0.0965715414572096 -0.113278578098419
33.7329431177383 6.47219163602497 16.8735697918572 0.707106781186548 0.707106781186548 0 0 0 -1 0.00199274618132847 -0.00181286841361998 0.00233506903487496 0.00443366167678618 0.166725674905301 -0.061529625867838
30.4762510759139 27.892376257359 5.39514342502183 0.707106781186548 0.707106781186548 0 0 0 -1 -0.000503379947993284 -0.0035958567589243 -0.000318694347204029 0.263283495523301 0.231556254059694 -0.32228527755375
12.8418285392645 42.5195939107387 14.0313694523952 0.707106781186548 0.707106781186548 0 0 0 -1 -0.00230984157032245 -0.0046533004477069 -0.00222837937289905 0.304349869250502 -0.865844822305212 0.0110973759202109
1.43028863431445 27.8075843762035 33.3633961535073 0.707106781186548 0.707106781186548 0 0 0 -1 -0.000608414207479977 -0.00357862528558803 -0.000460099794029035 0.398857883616119 0.175980868080911 0.200608013004668
14.3178879417573 7.81393225110912 35.4554879539528 0.707106781186548 0.707106781186548 0 0 0 -1 0.00172475587862326 -0.00183385117254574 0.00205945055434102 0.117362333214694 -0.625840973451392 0.330874935260093
48.2634882763283 25.2401912274299 22.6583871741936 0.707106781186548 0.707106781186548 0 0 0 -1 -0.000462077155672681 0.000716041891824576 0.00020043790118264 0.656231521857722 0.867164325617186 0.118876816207981
36.6731064694597 47.5904406526909 20.9096845700634 0.707106781186548 0.707106781186548 0 0 0 -1 -0.00296430553074216 -0.000835699763048668 -0.0028214201890646 0.236462092423041 0.430550122828941 -0.500018254479531
19.39739900609 46.349371474813 40.7557766036959 0.707106781186548 0.707106781186548 0 0 0 -1 -0.00268377032257244 -0.000544756321793773 -0.00269077439878281 0.156735096192739 -0.401317529249222 0.122808432380679
10.1082845561715 17.7866566871065 12.2428150299122 0.707106781186548 0.707106781186548 0 0 0 -1 0.000672160670683517 -0.00520832988201636 0.000820737029387688 0.213195615144897 -0.555318571176369 0.29141497750368
40.5120048708316 36.0828880987637 42.8547638464991 0.707106781186548 0.707106781186548 0 0 0 -1 -0.00131675828717371 0.00207969191634094 -0.00141569005181991 -0.0786576157353879 -0.507810329028566 -0.020675221320055
25.4375868625328 26.8722882462443 28.5413653620072 0.707106781186548 0.707106781186548 0 0 0 -1 -0.00049905383080408 -0.00133974520113196 -0.000229010918275021 -0.164812503809732 0.210746890176042 0.0453225040723634
70.8882352173882 26.0181171672706 56.3093488173987 0.707106781186548 0.707106781186548 0 0 0 -1 -0.000223277898361176 -9.49639678934502e-05 -0.000136559468321187 0.0632609900742534 0.103428398598247 0.0337227438989919
90.8139443146956 11.8420076482965 44.8106384933697 0.707106781186548 0.707106781186548 0 0 0 -1 -0.000963122614856521 -0.00040481805612392 -0.000981102417793059 0.338756788575181 0.0717681721828473 -0.191381168400276
84.8391455479597 8.32487256305377 18.3187957234114 0.707106781186548 0.707106781186548 0 0 0 -1 -0.00120292567379867 0.000979590225083896 -0.00105293607860748 0.110134627317433 -0.32635483286369 0.31683772633167
82.4780153635553 30.5746092686081 8.30912001715866 0.707106781186548 0.707106781186548 0 0 0 -1 -0.000475253338094531 0.00154648852211125 -0.000180462771269774 0.0846714270641122 0.301697983320075 -0.0541659135188326
65.7478949740709 45.4628390032584 18.1927986629453 0.707106781186548 0.707106781186548 0 0 0 -1 0.000158922696378923 0.00173078836652696 0.000743749634770316 0.373662969639903 -0.50727746042929 -0.00912729509654392
53.9770553315851 30.0981317149355 36.7812817280668 0.707106781186548 0.707106781186548 0 0 0 -1 -0.000560102076025898 0.00153621093093716 0.000124196087328055 0.349760386066693 -0.253766064445553 0.511460998734176
65.854073274106 9.40045050485294 37.3417448858253 0.707106781186548 0.707106781186548 0 0 0 -1 -0.00116604293784066 0.00104963538086499 -0.000892900412667791 -0.561156028668246 0.313241562057316 -0.301874370043781
100.381334034009 25.9541858573702 25.0022545272387 0.707106781186548 0.707106781186548 0 0 0 -1 -0.000560390084014921 0.000111339837780122 -0.000459058381750394 -0.168109529992919 -0.376999654188444 -0.202412432071211
89.9175796647933 48.924616846629 24.8883420855177 0.707106781186548 0.707106781186548 0 0 0 -1 0.000331097561084711 0.000503067340104467 0.000673354427659845 0.290861934197912 0.727609480794609 0.176950550231149
72.9629034538779 47.2427508976107 44.9616701426312 0.707106781186548 0.707106781186548 0 0 0 -1 0.000495467843465451 0.000171246477189017 0.000814625360066539 0.39606125179218 -0.173145045044171 0.352649736354335
61.7178284803729 21.0638295065066 14.9140682504954 0.707106781186548 0.707106781186548 0 0 0 -1 -0.000546019434742365 0.00198831601636033 -0.000479217632453118 0.293876159441007 -0.225049432950669 0.420775522852851
93.5839266930382 35.8213931399436 45.970098373604 0.707106781186548 0.707106781186548 0 0 0 -1 7.14380644972589e-05 -0.000591992195042755 3.97256708251641e-05 0.0452759609998761 -0.0646746247775526 -0.033802395447213
77.7941802723877 28.3136806827134 31.4255503023302 0.707106781186548 0.707106781186548 0 0 0 -1 -0.000437557141719075 0.000709356990282367 -0.000144794934849015 0.139997245145474 0.0313512590865066 -0.478447247603885
20.7740531602154 76.301413688814 53.7213369799589 0.707106781186548 0.707106781186548 0 0 0 -1 0.00113804819293086 0.00151794882495977 0.00012337464743045 -0.0605851408353179 0.384474719063227 -0.196545393279521
41.252861801464 64.3394973931743 40.7751293711713 0.707106781186548 0.707106781186548 0 0 0 -1 0.000902434659219804 0.00103731724359707 0.000194322339498733 0.218278335945433 0.192521283993219 0.466776424101444
34.6711200213567 61.9949575673891 14.2970023687779 0.707106781186548 0.707106781186548 0 0 0 -1 0.0009791154668221 0.00127894878196206 0.000204788488774645 0.11398755988799 0.209468499743328 0.0274520805208935
30.3704987476686 84.5582237810914 5.75345642829607 0.707106781186548 0.707106781186548 0 0 0 -1 0.00166905946869346 0.00154609757180373 0.000266504153887631 0.0829990540428699 0.0303416803317196 0.241531659394313
12.9522215655848 97.5448974061722 17.0453762413613 0.707106781186548 0.707106781186548 0 0 0 -1 0.00198247929468182 0.00198860611249582 0.00023016248082622 -0.405019057605665 -0.38609579511703 0.303806163606626
2.9239646821011 80.2855379421325 34.9844512894259 0.707106781186548 0.707106781186548 0 0 0 -1 0.00137457526181004 0.00217806819462668 5.33562557871718e-05 0.0250564424219191 -0.586537997811783 -0.597678562861361
16.2935511462222 60.529669663152 33.9024959505777 0.707106781186548 0.707106781186548 0 0 0 -1 0.000803919832136322 0.00178066038881184 3.88402594761651e-05 0.484969413766386 -0.506773504487879 -0.444683872193139
49.1207885427071 80.2747800111503 21.6162612412779 0.707106781186548 0.707106781186548 0 0 0 -1 0.00135618227939031 0.000983428797231078 0.000264818291533939 -0.369716368259245 -0.724598983975526 0.545857249824397
37.0233657434368 102.374345106308 23.2275854779963 0.707106781186548 0.707106781186548 0 0 0 -1 0.00205765526323439 0.00129709917431551 0.000409767821979198 0.172600369306005 0.017880240500997 -0.208955473800817
20.9245179739359 98.2434461476405 43.6538238483005 0.707106781186548 0.707106781186548 0 0 0 -1 0.00186718038071144 0.00158324910536524 0.000291362433768767 0.0543363518448317 -0.689338843454808 -0.0941535011254675
10.6091251311942 73.1560874911235 12.3569212062588 0.707106781186548 0.707106781186548 0 0 0 -1 0.00132935369415227 0.00206551676388556 6.95019235632023e-05 0.00904214247365473 0.244957070063745 -0.586259946885278
42.3351309748475 88.3485790836924 43.3408948764404 0.707106781186548 0.707106781186548 0 0 0 -1 0.00159608391754095 0.000954135694524159 0.000317792777804608 -0.270396977342965 -0.147423183204051 0.517792507047801
26.6389481656933 80.5780790152909 28.8263120533593 0.707106781186548 0.707106781186548 0 0 0 -1 0.00141536419412313 0.00151677106683782 0.000207775277701819 0.0777033562362782 -0.0607935420886419 0.0993604638600496
71.1229457930448 74.4025208390648 55.4728184869843 0.707106781186548 0.707106781186548 0 0 0 -1 -0.000339526837199862 -0.00107183710182507 6.65369385551386e-05 0.405893505434996 0.265964791743598 0.208554767220838
91.7482538837283 63.2524923841393 42.0388709254375 0.707106781186548 0.707106781186548 0 0 0 -1 -0.00019385493968272 -0.000418442677665499 -0.000210499340896015 -0.339318380509986 -0.148043645411532 -0.457097136570154
84.7718123226767 60.9943016277037 15.6586012187034 0.707106781186548 0.707106781186548 0 0 0 -1 -0.000301129912821642 -0.000475856893250502 -0.000152851256446039 -0.408850267970456 0.00261272090002252 -0.069310764727764
79.6179147532492 83.5217566190052 7.4615278558558 0.707106781186548 0.707106781186548 0 0 0 -1 -0.0010584265872927 -0.000583491198142701 1.18778006929132e-06 0.274434443652466 -0.170924929546427 -0.259446413070986
62.005404319806 95.825205778818 19.2041969143818 0.707106781186548 0.707106781186548 0 0 0 -1 -0.00134281802127903 -0.00119417737132368 0.00024841303019828 -0.680858476987024 -0.49404691269441 0.237297618531815
52.8372069563397 78.0393013034491 37.0865090940553 0.707106781186548 0.707106781186548 0 0 0 -1 -0.000651608082150804 -0.00146201086628354 0.000331230004466159 0.268394177642741 0.472858065523315 0.299921134351555
66.8043190017288 58.7219175091539 35.556511514409 0.707106781186548 0.707106781186548 0 0 0 -1 -0.000158204516926653 -0.000996958541934476 -6.35272129075408e-05 -0.129369429726207 0.0668702515058629 0.391098648707662
98.7574162488144 79.6555169469918 22.9341835131313 0.707106781186548 0.707106781186548 0 0 0 -1 -0.000816503180819925 -9.42817466869949e-05 -0.000175868661038553 -0.79726268289439 0.932956943015852 -0.238473090611349
86.0137066080351 101.339450429866 25.0349299423601 0.707106781186548 0.707106781186548 0 0 0 -1 -0.00144911849304764 -0.000482828959417449 4.15869866944413e-05 0.269790113196693 0.417126950857905 -0.1382517772918
70.413968115747 96.4550660294165 45.6792722580038 0.707106781186548 0.707106781186548 0 0 0 -1 -0.00107682423532422 -0.00103267559219211 0.000182197286051951 0.350593288255318 -0.507963115086655 -0.230436916158165
60.3402183059588 71.4292233109242 14.2647405220259 0.707106781186548 0.707106781186548 0 0 0 -1 -0.000593301035853016 -0.00121793269876512 7.61932726495336e-05 -0.09982487520592 -0.356573653373081 0.477011633857081
92.1188427027984 87.2464833767339 44.8755301945364 0.707106781186548 0.707106781186548 0 0 0 -1 -0.000829524071980146 -0.000413095177088943 -8.48098710652494e-05 -0.287599387568083 0.0862993648679159 -0.227491866703465
76.418964799684 79.1552795986789 30.5410778519455 0.707106781186548 0.707106781186548 0 0 0 -1 -0.000735732111780596 -0.000781051348733651 2.01461828639254e-05 -0.146823211594268 -0.350733456894309 -0.0757522491310981
18.6909310298135 25.8943466021893 110.66151784742 0.707106781186548 0.707106781186548 0 0 0 -1 -0.00126798865427243 0.000650010665038137 -0.000222111484389071 0.0384159109534569 -0.438437821162636 -0.386388541516447
39.4976665342591 12.0164753262972 100.423103108421 0.707106781186548 0.707106781186548 0 0 0 -1 0.000655854773338236 0.00195760121908178 0.00210079403065578 0.252207371925704 0.10163040631523 0.678561918529538
34.2835250872864 6.60451994484796 74.0966139571206 0.707106781186548 0.707106781186548 0 0 0 -1 0.00222480157910843 -0.00156265428183919 0.00251106560687538 0.289314358078609 -0.229698371479819 -0.00290822583725326
31.0963559794166 28.0607481632793 62.6684489168711 0.707106781186548 0.707106781186548 0 0 0 -1 -2.39619852619753e-05 -0.0031542339127055 2.42482854513522e-05 0.0355048910052798 -0.405756639917537 0.457163780763761
13.4867228556225 42.7110662983516 71.3135345737033 0.707106781186548 0.707106781186548 0 0 0 -1 -0.00223562722033276 -0.00447367547653888 -0.00223009794266455 -0.0288785762809419 -0.232259772117894 -0.123364186624185
2.00672533874495 27.9786255097683 90.5883968047265 0.707106781186548 0.707106781186548 0 0 0 -1 -0.000970097056437144 -0.00373960585192973 -0.000957296402742626 -0.432683735769201 -0.525936876640683 -0.044928171659811
14.8403970700233 7.94629337525885 92.649705368687 0.707106781186548 0.707106781186548 0 0 0 -1 0.00143918756893843 -0.00190595737311386 0.00170713532733452 0.442613613213733 0.193150215941916 -0.622241400379372
48.852964082224 25.3217639743925 79.9549372728715 0.707106781186548 0.707106781186548 0 0 0 -1 -0.000629155325034863 0.00101519340819172 0.000967242156312593 0.620010872598549 -0.095779207459102 -0.100483245502404
37.3201032557411 47.7041310306014 78.2425458417295 0.707106781186548 0.707106781186548 0 0 0 -1 -0.00313612899953761 -0.00053781653894986 -0.00203406446205071 -0.868802374538898 0.477466851655823 0.0165870145063377
20.0102711769199 46.4552433834656 98.0578853723165 0.707106781186548 0.707106781186548 0 0 0 -1 -0.00336982497555901 -0.000682561541337118 -0.00241847946460344 -0.0245725383106343 -0.29554768461206 -0.136515032721751
10.6932417449837 17.9891232272047 69.4569944526527 0.707106781186548 0.707106781186548 0 0 0 -1 0.00100666700022745 -0.0050348170243659 0.000419066395723632 -0.145548145856474 0.225448452187211 0.054364579866877
41.0950702226473 36.1276402902765 100.165173755726 0.707106781186548 0.707106781186548 0 0 0 -1 -0.00188023755406775 0.00208043706212268 -0.000735105212557625 0.155862036288729 -0.0479610234622686 -0.319432829642745
26.0199691286045 26.9944723691498 85.8032835123408 0.707106781186548 0.707106781186548 0 0 0 -1 -0.000739620689861031 -0.00124875667459369 -3.83399993895665e-05 -0.208627238767933 -0.122097751875888 0.203217487550215
71.6013039740791 26.3714375407282 113.388015803931 0.707106781186548 0.707106781186548 0 0 0 -1 -0.000552513630257955 0.000632064393731422 -4.91732723089964e-05 0.0769173317610371 -0.465897260184833 0.230880663789825
91.4079547408651 12.0784876078121 101.830544171209 0.707106781186548 0.707106781186548 0 0 0 -1 -0.00162796241335433 5.54861797937218e-05 -0.00111014752324025 0.217130727471312 0.807919220032678 0.331382537865478
85.3481877258509 8.62206644998317 75.3509129502063 0.707106781186548 0.707106781186548 0 0 0 -1 -0.00198131906109257 0.00175785962876854 -0.00119166731319364 -0.0808834377310231 0.19800284974535 -0.168824085821551
83.1072888428787 30.895621426266 65.3651298395249 0.707106781186548 0.707106781186548 0 0 0 -1 -0.000903712283658132 0.00247050183124459 -0.000147704234256463 0.0522983852514732 -0.130255934887706 0.0713444930842774
66.4914693254509 45.8787144735477 75.3004723549824 0.707106781186548 0.707106781186548 0 0 0 -1 4.76921637233493e-05 0.00287045913392246 0.000983044697453932 -0.439236477738363 0.0311665105639782 -0.0656532400988414
54.6614213468227 30.5771238924664 93.9034683023895 0.707106781186548 0.707106781186548 0 0 0 -1 -0.000704590843062687 0.00270273539583409 0.000301469740503548 -0.188967656371768 -0.0366812342666346 -0.138202972913053
66.4138893180084 9.8033145411336 94.4200800296796 0.707106781186548 0.707106781186548 0 0 0 -1 -0.00186203337588848 0.00201503741634857 -0.000961377747132314 -0.218666651911938 0.1866075742821 0.128399393521739
101.017675565357 26.1475830377331 82.0120856150694 0.707106781186548 0.707106781186548 0 0 0 -1 -0.00103424328195777 0.000554288519495362 -0.000522331378690848 -0.0468227715919781 0.000388035976088311 0.488400308709853
90.6972316349556 49.184730540131 81.9417350010723 0.707106781186548 0.707106781186548 0 0 0 -1 0.000299368663881256 0.00113297547621396 0.000841047788108853 -0.00745981434872763 -0.304730178204089 0.456993579693506
73.7811057838147 47.5885890846895 102.05490349872 0.707106781186548 0.707106781186548 0 0 0 -1 0.000545943945732273 0.000987929889434301 0.00104863105167488 0.2673732058347 -0.0218230304332896 0.157846449238814
62.2997296303906 21.5088819571004 72.0120679509253 0.707106781186548 0.707106781186548 0 0 0 -1 -0.000999409390413454 0.00319969484999304 -0.000504002432648265 -1.01777945037722 0.43896200308427 -0.303356342398125
94.3330936745968 36.0392124784931 103.002892730587 0.707106781186548 0.707106781186548 0 0 0 -1 -0.00012939820556408 -0.000202959350881428 8.96665902428005e-05 -0.38105121549964 -0.107222583485782 -0.163191319614857
78.4597904785622 28.6435849460402 88.4903229072015 0.707106781186548 0.707106781186548 0 0 0 -1 -0.000800221347507542 0.00152228554173124 -9.53135184415066e-05 0.251100622908971 0.101190205289456 -0.415330687559363
21.3334194174332 76.519505296304 111.184407375127 0.707106781186548 0.707106781186548 0 0 0 -1 0.00138312563863088 0.00173248762853745 0.000445194568762051 0.261724845121356 0.0429554034183329 -0.90824700716991
41.7496508882451 64.5187643355858 98.1746280386468 0.707106781186548 0.707106781186548 0 0 0 -1 0.00101248663218415 0.00130584639933382 0.000258531323257375 -0.109075933228918 -0.06897719977751 -0.0749837925040272
35.0507749479477 62.117652249608 71.7317052544976 0.707106781186548 0.707106781186548 0 0 0 -1 0.000625115920747146 0.00127413767284855 0.000394811193853279 -0.372176253081175 -0.322930833126751 -0.19513863745883
30.7238806233144 84.6652250886411 63.1567522588982 0.707106781186548 0.707106781186548 0 0 0 -1 0.000963983356328836 0.00139710028933152 0.000334569486975458 -0.213761611382637 0.322937195153154 -0.101100718015475
13.3621435201089 97.6860206216119 74.4955876273383 0.707106781186548 0.707106781186548 0 0 0 -1 0.00137039908502847 0.00178553621467981 0.000497610921405507 0.202502725228027 -0.318675330453927 0.18596511679584
3.40372888473721 80.4714645555018 92.5162702163893 0.707106781186548 0.707106781186548 0 0 0 -1 0.00124350604696283 0.00205847393655019 0.000672677199074718 0.110619704753255 0.0332227132988643 0.40665322697528
16.7582899686195 60.706383959927 91.42005961393 0.707106781186548 0.707106781186548 0 0 0 -1 0.00082972554606907 0.00176784722355757 0.000594158951838096 -0.0705686211335909 0.597262573569661 0.0363610575565891
49.5404624105818 80.4086252068826 78.9451687473656 0.707106781186548 0.707106781186548 0 0 0 -1 0.000995026115232938 0.00112851031563795 5.05739550895513e-05 -0.15753946422784 -0.187659930616618 -0.0295259516440781
37.4621182331567 102.517234960027 80.5620808156306 0.707106781186548 0.707106781186548 0 0 0 -1 0.00152269168432391 0.00135552914280274 0.00018603712466715 0.200336914876851 0.192505277804823 0.099248124629198
21.4510965351225 98.4389504067997 101.067487159676 0.707106781186548 0.707106781186548 0 0 0 -1 0.00173538330579683 0.00170772956984386 0.000401152428256713 -0.228202922294791 -0.0102983354654117 0.447374182970719
10.9864313264182 73.2878156649935 69.8712835861608 0.707106781186548 0.707106781186548 0 0 0 -1 0.000837964959842173 0.00180303329778619 0.000616550882401737 0.0741111435094599 0.429814429458639 -0.101611704107316
42.8551904791299 88.5323116221266 100.682414796526 0.707106781186548 0.707106781186548 0 0 0 -1 0.00153929580739541 0.00126420345477598 0.000140366905428372 -0.232274221716554 0.307692786919725 0.147061256089388
27.0915457462348 80.7380724041172 86.2541575032827 0.707106781186548 0.707106781186548 0 0 0 -1 0.00116904379157066 0.0015482712439712 0.000386638861186671 0.632957033689638 0.0918957023686506 -0.593092894297139
71.8222204895045 74.608818473277 112.702908007988 0.707106781186548 0.707106781186548 0 0 0 -1 -0.000402165354216066 -0.0010266535406201 -0.000137099064834363 -0.519271800906266 -0.292493285880852 -0.0468827971775
92.3408662747314 63.3756515733219 99.1761319773414 0.707106781186548 0.707106781186548 0 0 0 -1 -0.00032822252138962 -0.000437127799448454 -0.000478645371433637 0.0433454920825561 0.0424412233262044 0.609638772942272
85.2703367046911 61.2236265744385 72.8123281631909 0.707106781186548 0.707106781186548 0 0 0 -1 -0.000436633807531488 -0.000233054755331865 -0.000444670933364786 -0.00734545512215312 -0.153937076698072 -0.166569256223154
80.2185495805569 83.800395331672 64.6877588398334 0.707106781186548 0.707106781186548 0 0 0 -1 -0.00099629112016432 -0.000232205516851262 -0.000115930696562859 -0.091891505968777 0.0247270862316669 -0.38409022024948
62.712471577533 96.173447111471 76.516694654804 0.707106781186548 0.707106781186548 0 0 0 -1 -0.00118996284406621 -0.000784322235482446 0.000204548349122233 0.0193994918643604 -0.306872000521736 0.177028673526912
53.4995689444092 78.396131100134 94.3846660207512 0.707106781186548 0.707106781186548 0 0 0 -1 -0.000663008690615047 -0.00113254379436075 0.000122353192613599 -0.374172119499947 -0.0336858238555756 0.56532289884013
67.3508208355096 59.0053085383674 92.7592971443852 0.707106781186548 0.707106781186548 0 0 0 -1 -0.000322108692551044 -0.000774240433265423 -0.000384320495347422 0.0841120899520171 0.175598019139358 0.204191902026031
99.3839370070297 79.7869159557987 80.090823744995 0.707106781186548 0.707106781186548 0 0 0 -1 -0.000798300498381562 -2.19994631283236e-05 -0.00030896152976898 -0.0746480341110571 -0.0274634643845023 -0.138633407334375
86.7699181423775 101.537385680969 82.2854300360629 0.707106781186548 0.707106781186548 0 0 0 -1 -0.00125522659374668 -0.00031996636495647 6.7006424864738e-05 -0.0462704587473203 -0.289554804813885 -0.132276590620438
71.2078718608174 96.6898370405725 102.96678033834 0.707106781186548 0.707106781186548 0 0 0 -1 -0.000950189926793463 -0.000907294881661483 0.000149315003846699 0.0557946273585117 0.326363706119635 -0.129183907620711
60.8941037526226 71.7999840863271 71.520525091505 0.707106781186548 0.707106781186548 0 0 0 -1 -0.000648137582018991 -0.000755225774583777 -0.000153652653217924 -0.0933496164740476 0.225696651600767 -0.177600811826754
92.8572679417818 87.3601252986859 102.071626665187 0.707106781186548 0.707106781186548 0 0 0 -1 -0.000772717353934844 -0.000455473804512465 -0.000165881565563098 0.381807957534114 -0.0188105536382631 0.0661118475729118
77.0668266610375 79.3944857106947 87.7663379341066 0.707106781186548 0.707106781186548 0 0 0 -1 -0.000731079105312491 -0.000586711827537307 -0.00013871627492149 -0.545373666029351 0.424345641087407 -0.0393671553969463
