t = 1066
b = 30 30 30
E = -0.927702857538274 -1.18580728508937 0.258104427551091
-92.1932202709041 -26.6918542026356 -78.565509917362 0.697955083035768 0.587530133015716 0.409471665519203 -0.703110365384465 0.670769800039212 0.236016290633254 0.0220123288627302 -0.270605373988945 -0.0160464088542846 0.110908514670537 0.408893173458298 -0.256436365258849
-91.760756045456 -26.7695127168 -78.8371717719944 0.529872422329092 0.253419158327752 0.809329318786581 -0.773087447672755 0.536680039632476 0.338098111959992 0.126154761046764 -0.272282373309541 0.00532658926949184 0.236260487926205 -0.0119284243313313 -0.251412962675505
-91.3180446770054 -26.7415155416513 -79.0181927682901 0.193195558817211 -0.254189149719482 0.947662045361208 -0.880615384873315 0.380987271239852 0.281718375470316 0.45762580634169 0.597005298888457 0.599649423870113 -0.191540784744166 -0.19512730585521 0.627874686428836
-90.7853939860331 -26.9083413415405 -79.061203938559 -0.23087345021233 -0.516377751972672 0.824652331140041 -0.818871300523612 0.560872503017245 0.121950106756572 0.0555840928448073 -0.33202270006733 0.171119590104945 -0.00859943306240332 -0.446879194846724 0.397056039506349
-90.3542334825389 -27.0736278972323 -78.9748491697272 -0.461599654814354 -0.748067159708456 0.476782217832205 -0.829288578986287 0.554730577058265 0.0674865885899694 -0.62062297907593 -0.207412180638839 0.393388119956838 -0.089757714666819 -0.130753120199392 0.058038688327808
-89.9782709865374 -27.3450323733339 -78.6878484362446 -0.704512308970767 -0.701308051100043 -0.108763155392505 -0.705578523218023 0.708630881320028 0.00110526606386431 -0.306215696718951 0.272189356865072 -0.252304136670676 0.228836813123463 0.0670548061286001 -0.268498519794031
-89.8512171647356 -27.7683316045165 -78.3437187445613 -0.361223856100995 -0.481313720918224 -0.798657891615293 -0.76675477586109 0.640733211081342 -0.039345468755702 0.104840560080021 -0.165887970154094 -0.221174953525008 0.194239523884237 -0.349198370127872 0.461182153930197
-89.59772233974 -28.2886647651882 -78.3478870565957 -0.331438172951915 -0.0159973043983858 -0.943341308203071 -0.674997745225645 0.702598007486284 0.225242278039892 0.243522712592893 -0.187284271906795 0.474902046732443 0.0927580763811803 0.336267622778321 0.191916579229252
-89.519517919917 -28.8220314105789 -78.5435175390288 0.26652893681916 0.61062785530216 -0.745718410773891 -0.511788835241258 0.745281159294813 0.427350186290565 0.0402235739537648 0.128151839299105 -0.395348877384531 -0.0310294655071391 0.26037549569071 0.0241744198091062
-89.423775040047 -29.1369829462763 -78.9588275114526 0.515237882251917 0.811338536796115 -0.276151594965702 -0.686643084895478 0.583601927764934 0.433509012448735 0.117461970306461 0.123312799631522 0.136890454170509 0.0446537422905744 0.0731861124305298 0.166077864859738
-89.1705586833953 -29.383570845176 -79.2805291836232 0.629069223210586 0.772962201808974 0.0824702793971987 -0.758769722114174 0.587511739550194 0.281244492734487 -0.00247249759384552 -0.048880046502908 -0.147417600474346 0.199275371330814 0.524254521923113 0.367996676381593
-88.9014662472825 -29.3378074701172 -79.7411684390351 0.656581294283746 0.402847115891798 0.637663865382337 -0.724754257771506 0.571094532568035 0.385463747598879 -0.584521500847266 0.117473896960605 -0.257693152626269 0.359757848360046 0.206467416706937 -0.290642701964161
-88.4385645848148 -29.5053521751609 -80.0093186889229 0.391629812593795 0.243057762513303 0.887439583278645 -0.750762992078647 0.642014394440556 0.155474908124241 0.129129582268066 0.072390043462473 -0.0171122415662283 -0.282215317606155 0.522697890061963 0.469571952835885
-87.9347996512064 -29.556258544813 -80.0716983383054 -0.118758901046883 -0.369642437802224 0.92155346648893 -0.728913873123762 0.662679759814904 0.171872340704901 -0.113807723838499 0.543184763979798 -0.217106150970987 -0.203547653884259 0.00379779756639947 -0.289943858126317
-87.3474980864513 -29.7162794574995 -79.9811118954538 -0.538323367424807 -0.59847201785988 0.593328910405634 -0.721631905250485 0.69098681952383 0.0422446276926772 0.10907414889447 0.0441461228306414 -0.146446454040728 0.0814570631746201 0.44117180391706 0.699071798209242
-86.9480891195931 -29.9961266160182 -79.8331265556114 -0.777453213116882 -0.620098150012382 0.10509417569714 -0.60633821826326 0.78336927390283 0.136698740953567 -0.286880621098938 -0.0975171497943184 -0.18617969111214 0.0680641708225428 -0.391648302234619 -0.168161730578949
-86.6920855920659 -30.4123319033647 -79.8193429548879 -0.899249190024701 -0.351489395973414 -0.260396042132291 -0.418563303506404 0.864357911698596 0.278729548921267 -0.186284184125745 -0.00936668731718822 0.261814616783696 -0.259266590493851 -0.335454474306577 -0.0581218841561596
-86.5939000109009 -30.9445666928353 -79.7956897504829 -0.827596588776872 -0.0361122558809871 -0.560160504873444 -0.352896591632588 0.809520584995107 0.469191238284864 -0.160926133305541 -0.344604285706739 0.145505593114725 0.723456790321068 0.156651949245028 -0.32353602521118
-86.6503200661993 -31.4981791269254 -79.8113438863826 -0.234012659554214 0.435743089095694 -0.869117964072602 -0.321190693772705 0.809099025852134 0.492133421542313 -0.5108795538517 0.0673143397675874 -0.18831388608608 -0.640452664513706 -0.157806163712121 0.404781518976773
-86.6717122647615 -31.9162851082513 -80.1054970035522 0.183552761420525 0.668490625467882 -0.720713998363053 -0.429697806624712 0.713978076349558 0.552806567864471 0.136500443391186 -0.159943360146283 0.254410428412887 -0.162573134837151 -0.00541441162654746 -0.00760568487712998
-83.9193009728051 -31.9637747049293 -79.7085077699254 -0.279193740315788 -0.181884622043545 -0.942851440913446 0.817655738074529 0.469804243726341 -0.332750757430419 0.146001318281168 -0.0757366395101544 0.26126662888009 0.270504591011473 -0.654549488636044 0.298749955825437
-84.4508604162672 -31.9014937333374 -79.6789292586326 0.145864799255591 -0.73982838452804 -0.656793286951652 0.849418698752809 0.43399825912559 -0.300222226500708 0.252090669819906 0.141317354728776 -0.0446922932717196 -0.125348864810618 0.336320078876281 -0.0182458001121293
-84.8382165579072 -32.0048151705714 -79.8559844711762 0.341342220149649 -0.912914970099554 0.223767169422678 0.938249275898761 0.316663555408892 -0.139328708280986 -0.219423880833618 0.24201771295765 -0.322528547765987 -0.282481912857583 -0.492238284082243 -0.140314221020726
-85.6102204662992 -32.545657356885 -80.8142515019012 -0.780925251863323 -0.156851514602761 -0.604610083747389 0.55989367828585 -0.604883670496847 -0.566246248713234 0.139498121814865 -0.431246209035615 -0.276621434589365 0.342391933315562 0.201984137177631 0.319335520474262
-85.7959298128899 -31.9414477469862 -80.9247974456987 -0.826631974761506 -0.548043824122362 -0.127779282918758 0.562285451244296 -0.79523189019883 -0.226806772671792 0.306150413886276 -0.222484563514946 -0.473974852504581 0.467481207490717 -0.0442292901401061 0.154395105927046
-86.1222467429739 -31.699694910628 -81.1888569336025 -0.423992128058845 -0.210635416743989 0.880831082874133 0.423864208072877 -0.905638952350355 -0.0125387838529395 0.0147093381610627 -0.129090735982844 0.567198742450963 -0.100723543780531 -0.340225921826051 0.0258758100582347
-86.4454783564949 -31.191418016859 -81.0218075765775 -0.232997273076606 -0.554944360309684 0.798591903101541 0.472357835246583 -0.782396184568156 -0.405874716943978 -0.0821202382992103 -0.0544185672663156 0.486146816287413 0.150799243773205 0.310444120568991 0.329385842055629
-87.0245247941713 -31.0938821870939 -80.9242053419291 0.32103438958655 -0.250588254212162 0.913313991764987 0.712576270976294 -0.57131516191275 -0.407227263097806 0.598746860480253 -0.069301970492734 -0.0665407337730499 -0.0647948930521344 0.327200122979524 0.373775138314309
-87.4436030395206 -30.9266655731913 -80.5820825127665 0.705314760253495 -0.0216166142285908 0.70856461311432 0.564788619866396 -0.586935210924993 -0.580104191543072 -0.0471212809026636 0.38130259587756 -0.0222824903515517 0.0602309500810405 -0.216037244958027 -0.148880071601733
-87.726505970523 -30.8701408451013 -80.1386074235138 0.868494888556873 0.386955823139441 0.309809327634051 0.49550780067954 -0.660393569501362 -0.564227217375209 0.164505980873184 0.0930186079909057 0.0347052475953418 -0.347348826134153 0.65878699845808 -0.137783360974024
-87.7944289886678 -30.7819237006453 -79.6328839659192 0.690478511294157 0.678918667734149 -0.249617443387061 0.43021484693312 -0.662852908432331 -0.612814170251561 0.458248491620836 0.667608324033863 -0.320568169884553 0.698197481733303 0.140315233073534 -0.235200446106159
-88.0182950690429 -30.4036846713378 -79.2291857232471 0.519390545345145 0.558503227144328 -0.646767042044845 0.497792095283648 -0.812930911840417 -0.302235607510791 0.126474211375938 0.0565506023473226 0.128409025591467 -0.424295344941027 0.505378319189372 -0.359088274959287
-88.1368519447943 -29.9784546118829 -78.9750123041391 0.166869091506539 0.320435047420839 -0.932457015998158 0.592782642507773 -0.788316709864605 -0.164819609542508 0.304954089291816 0.267075852055973 0.26005068084766 0.0370172851005781 -0.233755632097935 -0.0378458551544601
-88.0826833429283 -29.4356570807926 -78.8435272815405 -0.216127647858365 -0.0101913947960077 -0.976311925207984 0.573134477482331 -0.810861039705076 -0.118411338179473 -0.431776858423532 -0.082608329000478 0.197093479078733 -0.0711971883240044 0.163567200334128 0.207059824366882
-88.0995442686286 -28.9136939778539 -78.9665691538881 -0.651885685888595 -0.380258449238879 -0.656085790362815 0.574234716880465 -0.812612075928175 -0.0995796363967926 0.293553679225074 -0.587686766194502 -0.320698751794528 0.0660407411742481 0.199886061764988 0.562629956086172
-88.4076581907194 -28.4936818959405 -79.0495221269302 -0.726845821087822 -0.641707715993524 -0.244757756979311 0.681588616503744 -0.717791039762875 -0.142172364011592 -0.400350263946617 -0.114046157789572 0.360293482218794 -0.745218652623937 0.276605688262793 -0.088803960167182
-88.8090066308021 -28.1668764319465 -79.2370837676815 -0.535771741182112 -0.796992442218358 0.278839897427722 0.827516367418767 -0.561261808013954 -0.0142071995465162 -0.0239834379219654 0.0696922659137171 -0.139095244978879 0.136607075043201 -0.554928508248309 -0.0542929728482108
-89.2972226829509 -28.1621834157048 -79.5274987589842 -0.120797626993227 -0.457216894026698 0.881113298690575 0.941194022208695 -0.334890829323106 -0.0447430999585432 -0.338156923724058 0.178199643042867 0.187215162211706 -1.1455508432842 0.172741547873231 0.206474250949247
-89.8074511085612 -28.1464128575518 -79.5003180898073 0.0927657907927894 -0.163235868973533 0.982216146853146 0.910266107849067 -0.385858233203839 -0.150096758026681 -0.218671908775588 -0.146614654584775 0.0371741320391559 -0.167119112686054 0.213752725530493 -0.0255328445414286
-90.3150381650694 -28.261954586176 -79.3139216765556 0.423408453492391 0.360623451906789 0.831069195341767 0.904116873430768 -0.226357182977503 -0.36240185553093 0.429701160872339 -0.331098465004781 0.0667686631682656 0.047663149289309 0.291041721136007 -0.10067433000573
-90.7212479344321 -28.2003902604845 -79.0009055230111 0.635349437445515 0.716818759677899 0.28723154094129 0.759353441962856 -0.512306036470029 -0.40115442808915 -0.469880119362176 -0.341285744657808 -0.108411165266546 0.341649101125387 -0.190112225430897 -0.00907343208573773
-90.9110855942789 -28.0033628517247 -78.5620890811202 0.493912667923311 0.802959439034297 -0.333626161639957 0.715384703447547 -0.593357027967294 -0.368988026140536 0.411453861109598 -0.277454726185796 -0.595699047321236 -0.0122613904999154 0.0750496893438442 0.18562930451458
-91.1511093519085 -27.578725247484 -78.1616533090638 0.352045849940071 0.571764169179937 -0.741046189101563 0.630673458174003 -0.729919809610431 -0.263567943219806 0.367432328111785 -0.180392077158704 0.0761243348327921 0.223867922737102 0.245075899049315 -0.583973900246395
-91.1421451181593 -27.0765533970989 -77.9035551372326 -0.139412966621891 0.349319867538071 -0.926574149693842 0.644162370104848 -0.678674700909165 -0.352782498555071 0.362463237595339 -0.352253900958814 -0.0941301534341668 -0.400558158070861 0.402658310135365 -0.146143254343915
-91.2523400643263 -26.5524413727715 -77.7872207364261 -0.334899979096991 -0.0753510848823988 -0.939235975678039 0.648167493488658 -0.74191263843991 -0.171594106273392 -0.0607840515108487 -0.0125846778761641 -0.223686805167039 -0.104860981211044 0.38671038950144 -0.0695962710852252
-91.2785238965761 -26.0590910408438 -77.942651477071 -0.747516945812223 -0.456290618747164 -0.48271864161942 0.56845959361379 -0.815385226608878 -0.109547353488926 0.0642186150119735 0.0326895060297388 0.240539726411921 -0.331681277021344 -0.375100642138195 -0.150670880997451
36.5533921278568 -156.444848897909 -84.7990898474962 0.511597276562552 -0.554251214708783 -0.656562120143718 -0.713179241875015 -0.700093085232645 0.0352851380614784 0.113265952108772 0.0616145254316887 -0.0926883014187 0.110354867391125 -0.231308733220428 0.109150888130173
37.4448759657936 -156.756167942359 -83.9228318352455 0.461655657930296 0.210335955628088 0.861761474696429 0.1013147079802 -0.977626673979614 0.184340490046109 0.308433229491481 -0.097015106527911 0.342937223978482 0.0645668090420461 0.613280996645942 -0.261928657061037
37.1823490865245 -156.387669402432 -83.7048325604392 0.961905161847846 0.267762598162545 -0.0551511616895913 0.27267865829858 -0.954175370488374 0.123270887324868 -0.153409780411724 -0.284831082167087 0.131050281013332 0.307021802596396 -0.368464621734732 -0.112282557163786
37.2719478836046 -155.963830512542 -83.4911713584699 0.531047959705111 0.102069802761285 -0.841171694636302 0.26660326735478 -0.962427926839201 0.0515284724764593 -0.229076052803621 -0.0420961292387552 -0.0643963414804211 0.62021400998978 0.564254355987969 -0.140802825079556
37.3933346385538 -155.501776701904 -83.4532680598751 -0.275897367154586 -0.105643452583085 -0.955363859335018 0.3413164803793 -0.939933100179192 0.00536911622395071 0.0479476754947857 -0.214608568150193 -0.0689005249691798 -0.0836150100131628 -0.299806168833623 0.190669493833031
37.3809132422187 -154.987238589378 -83.7644404366047 -0.681111375731435 -0.48757188190309 -0.546224270631312 0.319847456169797 -0.86921388149648 0.377047520871754 -0.0416627124772572 -0.106461543340641 -0.290319144182174 -0.667284096072112 0.347513179713366 0.166893358849352
37.2370968520306 -154.754544893179 -84.1540136440929 -0.948695726695464 -0.267046932319887 0.169299598606452 0.315861130722126 -0.824843322953949 0.46889789792366 -0.0210995025225971 -0.143006939714681 0.555324533010166 -0.212025587773355 0.0955632339615679 0.561875147903209
37.0314520057101 -154.479865649943 -84.4903649040749 -0.662666024056963 -0.0245528205321052 0.748512457855215 0.36996072629785 -0.879729169939007 0.298673146693166 0.27309060461394 -0.266328679277517 0.4139822328801 0.0671323912232807 0.0601137379990249 0.387121965512597
36.6048878842849 -154.303506757784 -84.7027195295835 0.291962861962725 0.44749806362231 0.84528289364497 0.399824200748602 -0.859966770115595 0.317171503752617 0.0300825116332818 0.474963089709749 0.213918827320891 -0.206798825888736 0.199069327745283 -0.0697857554203598
36.3123248033716 -153.858166248935 -84.6337829502416 0.869967996400122 0.372989137685971 0.322544242558814 0.3561893504791 -0.927672272731413 0.112041514674757 0.385922445821262 -0.0244138931090405 -0.125091135156319 0.303281752669611 0.510229843050946 0.137695021316621
36.1756850441913 -153.505337633316 -84.370457511264 0.711067868511917 0.195576344747875 -0.67537573227425 0.381292993821579 -0.91429427680258 0.136680753102341 0.297232399678874 -0.0838943828500361 -0.208935122451745 -0.338271387689047 -0.0817702048727828 -0.137912618273718
36.1952691086817 -153.091754076711 -83.6282100769578 -0.00398669033989124 0.740466033724379 -0.672081958693001 0.381352813977057 -0.620170758959881 -0.685535018071948 0.556675885334768 -0.0800925116492038 0.05541224115912 -0.115850720250941 -0.304799715792635 0.0774389781961871
36.3604088979067 -152.717357648012 -83.41460880954 -0.868772823114698 0.251392870601485 -0.426656075109753 0.24346859321466 -0.533414790095046 -0.810056606556562 -0.649877326562791 0.158424796078588 0.0972407499549042 -0.0667365145016975 0.107345767429063 0.0561591979174896
36.2024601707176 -152.253363891241 -83.3568066633439 -0.812032063457571 -0.5301142088475 0.244095992377639 0.24204036860588 -0.686485549385812 -0.685677803672828 -0.364812601133654 0.0233928043156016 -0.0211755427088963 -0.30686576708334 -0.0589567280664141 0.0162039690397092
35.8978903730159 -151.954863991138 -83.1991826661763 -0.254306082583706 -0.775043654629813 0.578477095293315 0.202525047107922 -0.627557091820133 -0.751768383080978 -0.0736955837962391 0.248729478310978 -0.372370187335574 0.0953332492534754 -0.335608403927792 0.22757524528329
35.4869327986752 -151.811554859156 -82.9612550821409 0.812699172925387 -0.130990907367358 0.567768823125637 0.38948443557848 -0.602612548812736 -0.696534270840664 0.162873427686536 0.243671779476806 0.0235972150809554 0.171595003984062 -0.248958631616346 0.0400268409420721
35.3151389760431 -151.749509224171 -82.503724106282 0.944227864421358 0.252097055701068 0.211850925315735 0.322806294013221 -0.581568733990086 -0.746708714419899 -0.217987789352726 -0.06416646028717 0.0755145705558307 0.0397425263553188 0.0521489239673184 0.207658833097632
35.3354812352107 -152.750155469684 -82.3104242845905 0.319258419188464 -0.683590861927983 -0.656336495454763 -0.740443692870636 0.252313799636898 -0.622961382591958 -0.169707633566953 0.0396230804254365 0.0180880873472218 0.119634463114712 0.306153326556274 0.297144372262388
35.5662754144518 -153.204710650198 -82.1013102597295 0.57129134179246 -0.0253405408981875 -0.820356056709492 -0.732508847274477 0.435109741440279 -0.523555442688159 -0.0427086847706518 0.248036695150943 0.231967503284189 -0.182686412687929 -0.0775482045142217 -0.172122985677445
35.9082535294447 -153.555873135454 -82.0630968411955 0.586743986858365 0.644370825258986 -0.490426073369477 -0.771946991165203 0.262149784027511 -0.579115993187307 -0.602363430733025 0.440253036724284 0.446840779190105 0.0342519912606191 0.258091834827164 -0.194924939550853
36.2905687690682 -153.835947056604 -81.9777205006479 0.0102367159626577 0.949407458473176 0.313880052634457 -0.835438781053138 0.180611777702614 -0.519058213370665 0.11299671147604 0.60190881967285 0.0406696349426429 0.158706298454441 -0.0312077865604507 0.116838895707977
36.9352269652313 -154.526072560415 -81.7052241984136 -0.727119886452148 -0.671724621328041 -0.141713456762273 0.110506690265491 0.0892111977044515 -0.989863441900296 -0.270300930141134 0.314704353747511 0.374044058337764 0.322240269128769 -0.248361664729371 0.675268759191788
36.6680079056132 -153.133259166964 -81.7994146922383 -0.847546140104263 0.393408287582949 -0.356223889787611 0.064515353538709 0.74260116876363 0.666619286631182 0.405855382176576 -0.636498184671769 -0.0473445284475203 -0.545682790626448 -0.453067254993671 0.354434125710885
36.0811350247555 -152.974455578236 -80.6197039089906 -0.912318486652698 0.193869519231879 0.360679342941247 -0.215931034757289 -0.976172293547962 -0.0214811903290998 -0.265632469026243 -0.277561891665584 -0.339152734650065 -0.228477638200588 0.573558685324517 -0.360245804699904
35.9931992157256 -152.555183322127 -80.8263572937581 -0.440784931108752 0.105340430934975 0.891410140237304 -0.339841137360411 -0.938747250679383 -0.0571104254885271 0.348203894997337 -0.00992359095432601 -0.51280167186718 0.0859797052156966 -0.125966179752845 -0.127871337624807
35.8309305281938 -152.012016347919 -80.809092169286 0.324807625899762 -0.148198487095215 0.934097004909043 -0.081859110627757 -0.988345933045254 -0.128340962440427 -0.192348556930941 0.0570240709706205 -0.167089126335242 -0.323022215943707 -0.256868774183404 0.379956968827133
