t = 0
b =  15.0 15.0 15.0
E = 0. 0. 0.
7.620690351733345 1.6557756076997192 1.106239840535942 -0.6915919478277281 0.13394022632658822 0.7097609410720146 0.5916960513297195 0.6686262604126846 0.4503717428162728 0.0 0.0 0.0 0.0 0.0 0.0
7.626747287690128 2.1889835144231675 1.1721013911764602 -0.3173182705296932 -0.32039681775657297 0.8925553172546261 0.5916960513297195 0.6686262604126846 0.4503717428162728 0.0 0.0 0.0 0.0 0.0 0.0
7.560471513895232 2.649156956457705 1.4414209544694634 0.17750992302113705 -0.6530097540248824 0.7362530056830959 0.5916960513297195 0.6686262604126846 0.4503717428162728 0.0 0.0 0.0 0.0 0.0 0.0
7.534659132638363 2.9604768045152894 1.8785694135741622 0.6048991290085909 -0.73753336699827 0.30023586775874006 0.5916960513297195 0.6686262604126846 0.4503717428162728 0.0 0.0 0.0 0.0 0.0 0.0
7.64673352687218 3.1036758983590973 2.384156648181401 0.8024770425115674 -0.5418557229486974 -0.2498458960031822 0.5916960513297195 0.6686262604126846 0.4503717428162728 0.0 0.0 0.0 0.0 0.0 0.0
7.941732588196486 3.1233589631072354 2.8327915029333015 0.6951805108637308 -0.14031803040634125 -0.7050070266728748 0.5916960513297195 0.6686262604126846 0.4503717428162728 0.0 0.0 0.0 0.0 0.0 0.0
8.775949201232963 2.954977326619626 1.9867830709258518 -0.6951805108637308 0.14031803040634125 0.7050070266728748 -0.5916960513297195 -0.6686262604126846 -0.4503717428162728 0.0 0.0 0.0 0.0 0.0 0.0
8.60970597788606 2.4534490308206602 2.084341572977582 -0.8024770425115673 0.5418557229486975 0.2498458960031822 -0.5916960513297195 -0.6686262604126846 -0.4503717428162728 0.0 0.0 0.0 0.0 0.0 0.0
8.260538087448673 2.075436764117365 2.2388524548846505 -0.6048991290085908 0.7375333669982702 -0.30023586775874 -0.5916960513297195 -0.6686262604126846 -0.4503717428162728 0.0 0.0 0.0 0.0 0.0 0.0
7.773483421520597 1.8655452516278461 2.324924561289179 -0.1775099230211369 0.6530097540248826 -0.7362530056830958 -0.5916960513297195 -0.6686262604126846 -0.4503717428162728 0.0 0.0 0.0 0.0 0.0 0.0
7.245965363054495 1.80450733311528 2.2431677718820113 0.3173182705296933 0.32039681775657314 -0.8925553172546259 -0.5916960513297195 -0.6686262604126846 -0.4503717428162728 0.0 0.0 0.0 0.0 0.0 0.0
6.790780014340071 1.816503879291625 1.9579529698223594 0.6915919478277281 -0.13394022632658809 -0.7097609410720144 -0.5916960513297195 -0.6686262604126846 -0.4503717428162728 0.0 0.0 0.0 0.0 0.0 0.0
