           0  -1.616876   0.000  0.000  0.000   
        1000  -1.379227   0.245  0.129  0.000   
        2000  -1.360097   0.163  0.137  0.000   
        3000  -1.338308   0.136  0.140  0.000   
        4000  -1.352935   0.130  0.143  0.000   
        5000  -1.357197   0.130  0.144  0.000   
        6000  -1.315646   0.132  0.145  0.000   
        7000  -1.315324   0.135  0.147  0.000   
        8000  -1.329082   0.138  0.148  0.000   
        9000  -1.336353   0.139  0.149  0.000   
       10000  -1.364147   0.143  0.149  0.000   
       11000  -1.353067   0.145  0.149  0.000   
       12000  -1.351552   0.147  0.150  0.000   
       13000  -1.299822   0.149  0.150  0.000   
       14000  -1.350343   0.153  0.150  0.000   
       15000  -1.319871   0.155  0.150  0.000   
       16000  -1.350839   0.158  0.151  0.000   
       17000  -1.372150   0.161  0.150  0.000   
       18000  -1.393501   0.166  0.150  0.000   
       19000  -1.388305   0.168  0.150  0.000   
       20000  -1.364718   0.171  0.150  0.000   
       21000  -1.315631   0.174  0.150  0.000   
       22000  -1.334552   0.175  0.150  0.000   
       23000  -1.296499   0.176  0.150  0.000   
       24000  -1.352688   0.178  0.150  0.000   
       25000  -1.327260   0.179  0.150  0.000   
       26000  -1.296188   0.180  0.150  0.000   
       27000  -1.316541   0.181  0.150  0.000   
       28000  -1.264795   0.181  0.151  0.000   
       29000  -1.339813   0.182  0.151  0.000   
       30000  -1.318961   0.182  0.151  0.000   
       31000  -1.288428   0.182  0.152  0.000   
       32000  -1.253928   0.183  0.152  0.000   
       33000  -1.372309   0.183  0.152  0.000   
       34000  -1.309352   0.183  0.153  0.000   
       35000  -1.295813   0.183  0.153  0.000   
       36000  -1.261295   0.184  0.153  0.000   
       37000  -1.314910   0.184  0.153  0.000   
       38000  -1.306689   0.185  0.153  0.000   
       39000  -1.388748   0.185  0.153  0.000   
       40000  -1.338639   0.185  0.153  0.000   
       41000  -1.375913   0.186  0.153  0.000   
       42000  -1.362567   0.187  0.153  0.000   
       43000  -1.336823   0.187  0.153  0.000   
       44000  -1.336288   0.187  0.153  0.000   
       45000  -1.389473   0.188  0.153  0.000   
       46000  -1.378653   0.189  0.153  0.000   
       47000  -1.374579   0.189  0.153  0.000   
       48000  -1.374491   0.191  0.153  0.000   
       49000  -1.383148   0.192  0.153  0.000   
       50000  -1.313457   0.193  0.153  0.000   
       51000  -1.356782   0.193  0.153  0.000   
       52000  -1.318177   0.193  0.153  0.000   
       53000  -1.326392   0.193  0.153  0.000   
       54000  -1.365971   0.193  0.153  0.000   
       55000  -1.362127   0.193  0.153  0.000   
       56000  -1.303988   0.193  0.153  0.000   
       57000  -1.270844   0.193  0.153  0.000   
       58000  -1.309948   0.192  0.154  0.000   
       59000  -1.271538   0.192  0.154  0.000   
       60000  -1.279063   0.192  0.154  0.000   
       61000  -1.349183   0.191  0.154  0.000   
       62000  -1.347628   0.191  0.154  0.000   
       63000  -1.282586   0.191  0.154  0.000   
       64000  -1.311261   0.191  0.155  0.000   
       65000  -1.383712   0.191  0.155  0.000   
       66000  -1.344097   0.191  0.155  0.000   
       67000  -1.323605   0.191  0.155  0.000   
       68000  -1.352094   0.191  0.155  0.000   
       69000  -1.364742   0.191  0.155  0.000   
       70000  -1.344231   0.191  0.155  0.000   
       71000  -1.367770   0.191  0.155  0.000   
       72000  -1.317527   0.191  0.155  0.000   
       73000  -1.345121   0.190  0.155  0.000   
       74000  -1.341485   0.191  0.156  0.000   
       75000  -1.354187   0.190  0.156  0.000   
       76000  -1.363352   0.190  0.155  0.000   
       77000  -1.368718   0.190  0.155  0.000   
       78000  -1.322349   0.190  0.155  0.000   
       79000  -1.329323   0.190  0.156  0.000   
       80000  -1.285258   0.190  0.156  0.000   
       81000  -1.262225   0.190  0.156  0.000   
       82000  -1.346390   0.190  0.156  0.000   
       83000  -1.307829   0.190  0.156  0.000   
       84000  -1.382860   0.189  0.156  0.000   
       85000  -1.373058   0.189  0.156  0.000   
       86000  -1.294225   0.189  0.156  0.000   
       87000  -1.357313   0.189  0.156  0.000   
       88000  -1.340313   0.189  0.156  0.000   
       89000  -1.338947   0.189  0.156  0.000   
       90000  -1.353377   0.189  0.156  0.000   
       91000  -1.365408   0.189  0.157  0.000   
       92000  -1.305181   0.190  0.157  0.000   
       93000  -1.367985   0.190  0.157  0.000   
       94000  -1.417178   0.190  0.157  0.000   
       95000  -1.302106   0.190  0.157  0.000   
       96000  -1.337775   0.190  0.157  0.000   
       97000  -1.344175   0.189  0.157  0.000   
       98000  -1.328342   0.189  0.157  0.000   
       99000  -1.343774   0.189  0.157  0.000   
      100000  -1.337252   0.189  0.157  0.000   
      101000  -1.312502   0.189  0.157  0.000   
      102000  -1.294715   0.188  0.157  0.000   
      103000  -1.304775   0.188  0.157  0.000   
      104000  -1.304005   0.188  0.157  0.000   
      105000  -1.321736   0.187  0.158  0.000   
      106000  -1.281657   0.187  0.158  0.000   
      107000  -1.205531   0.187  0.158  0.000   
      108000  -1.248261   0.187  0.158  0.000   
      109000  -1.226104   0.186  0.158  0.000   
      110000  -1.272803   0.186  0.158  0.000   
      111000  -1.300048   0.186  0.159  0.000   
      112000  -1.294774   0.186  0.159  0.000   
      113000  -1.313193   0.186  0.159  0.000   
      114000  -1.276562   0.186  0.159  0.000   
      115000  -1.220474   0.186  0.159  0.000   
      116000  -1.287059   0.185  0.159  0.000   
      117000  -1.350867   0.185  0.159  0.000   
      118000  -1.364554   0.185  0.159  0.000   
      119000  -1.347831   0.185  0.159  0.000   
      120000  -1.336378   0.185  0.159  0.000   
      121000  -1.335073   0.185  0.159  0.000   
      122000  -1.338209   0.185  0.159  0.000   
      123000  -1.400109   0.185  0.159  0.000   
      124000  -1.319691   0.185  0.159  0.000   
      125000  -1.388739   0.185  0.159  0.000   
      126000  -1.370836   0.185  0.159  0.000   
      127000  -1.370577   0.185  0.159  0.000   
      128000  -1.361225   0.185  0.159  0.000   
      129000  -1.338205   0.185  0.159  0.000   
      130000  -1.339934   0.185  0.159  0.000   
      131000  -1.372768   0.185  0.159  0.000   
      132000  -1.367058   0.186  0.159  0.000   
      133000  -1.367441   0.186  0.159  0.000   
      134000  -1.395446   0.186  0.159  0.000   
      135000  -1.329437   0.186  0.159  0.000   
      136000  -1.371570   0.186  0.159  0.000   
      137000  -1.373169   0.186  0.159  0.000   
      138000  -1.363960   0.186  0.159  0.000   
      139000  -1.353091   0.186  0.159  0.000   
      140000  -1.317739   0.186  0.159  0.000   
      141000  -1.339436   0.186  0.159  0.000   
      142000  -1.338473   0.186  0.159  0.000   
      143000  -1.281304   0.185  0.159  0.000   
      144000  -1.294729   0.185  0.159  0.000   
      145000  -1.301395   0.185  0.159  0.000   
      146000  -1.331568   0.185  0.159  0.000   
      147000  -1.328388   0.185  0.159  0.000   
      148000  -1.287140   0.185  0.159  0.000   
      149000  -1.285014   0.185  0.159  0.000   
      150000  -1.317909   0.184  0.159  0.000   
      151000  -1.312858   0.184  0.159  0.000   
      152000  -1.334317   0.184  0.160  0.000   
      153000  -1.348479   0.184  0.160  0.000   
      154000  -1.270137   0.184  0.160  0.000   
      155000  -1.354192   0.184  0.160  0.000   
      156000  -1.330385   0.183  0.160  0.000   
      157000  -1.292940   0.183  0.160  0.000   
      158000  -1.320573   0.183  0.160  0.000   
      159000  -1.353132   0.183  0.160  0.000   
      160000  -1.323084   0.183  0.160  0.000   
      161000  -1.363428   0.183  0.160  0.000   
      162000  -1.301851   0.183  0.160  0.000   
      163000  -1.361914   0.183  0.160  0.000   
      164000  -1.298557   0.183  0.160  0.000   
      165000  -1.270555   0.183  0.160  0.000   
      166000  -1.306984   0.183  0.160  0.000   
      167000  -1.261007   0.183  0.160  0.000   
      168000  -1.274695   0.183  0.160  0.000   
      169000  -1.318377   0.183  0.160  0.000   
      170000  -1.334968   0.183  0.160  0.000   
      171000  -1.295382   0.183  0.161  0.000   
      172000  -1.291948   0.182  0.161  0.000   
      173000  -1.292005   0.182  0.161  0.000   
      174000  -1.330158   0.182  0.161  0.000   
      175000  -1.322290   0.182  0.161  0.000   
      176000  -1.311549   0.182  0.161  0.000   
      177000  -1.352914   0.182  0.161  0.000   
      178000  -1.317542   0.182  0.161  0.000   
      179000  -1.316455   0.182  0.161  0.000   
      180000  -1.346566   0.182  0.161  0.000   
      181000  -1.349085   0.182  0.161  0.000   
      182000  -1.338463   0.182  0.161  0.000   
      183000  -1.315871   0.183  0.161  0.000   
      184000  -1.280082   0.183  0.161  0.000   
      185000  -1.309260   0.182  0.161  0.000   
      186000  -1.285728   0.182  0.161  0.000   
      187000  -1.324333   0.182  0.161  0.000   
      188000  -1.347273   0.182  0.161  0.000   
      189000  -1.282655   0.182  0.161  0.000   
      190000  -1.333299   0.182  0.161  0.000   
      191000  -1.323864   0.182  0.161  0.000   
      192000  -1.309550   0.182  0.161  0.000   
      193000  -1.367208   0.182  0.161  0.000   
      194000  -1.308102   0.182  0.161  0.000   
      195000  -1.343176   0.182  0.161  0.000   
      196000  -1.363538   0.182  0.161  0.000   
      197000  -1.322940   0.182  0.161  0.000   
      198000  -1.370145   0.182  0.161  0.000   
      199000  -1.331873   0.182  0.161  0.000   
      200000  -1.374522   0.182  0.161  0.000   
      201000  -1.353954   0.182  0.161  0.000   
      202000  -1.377251   0.182  0.161  0.000   
      203000  -1.220504   0.182  0.161  0.000   
      204000  -1.358368   0.182  0.161  0.000   
      205000  -1.327755   0.182  0.161  0.000   
      206000  -1.345289   0.182  0.161  0.000   
      207000  -1.300047   0.182  0.161  0.000   
      208000  -1.334202   0.182  0.161  0.000   
      209000  -1.303484   0.182  0.161  0.000   
      210000  -1.278236   0.182  0.162  0.000   
      211000  -1.294504   0.182  0.162  0.000   
      212000  -1.250458   0.182  0.162  0.000   
      213000  -1.281567   0.182  0.162  0.000   
      214000  -1.268658   0.182  0.162  0.000   
      215000  -1.250366   0.182  0.162  0.000   
      216000  -1.283743   0.182  0.162  0.000   
      217000  -1.304561   0.181  0.162  0.000   
      218000  -1.342366   0.181  0.162  0.000   
      219000  -1.336687   0.181  0.162  0.000   
      220000  -1.347405   0.181  0.162  0.000   
      221000  -1.347411   0.181  0.162  0.000   
      222000  -1.328619   0.181  0.162  0.000   
      223000  -1.377453   0.181  0.162  0.000   
      224000  -1.355415   0.181  0.162  0.000   
      225000  -1.338837   0.181  0.162  0.000   
      226000  -1.322757   0.181  0.162  0.000   
      227000  -1.297129   0.181  0.162  0.000   
      228000  -1.273237   0.181  0.162  0.000   
      229000  -1.342036   0.181  0.162  0.000   
      230000  -1.354277   0.182  0.162  0.000   
      231000  -1.302910   0.182  0.162  0.000   
      232000  -1.288318   0.182  0.162  0.000   
      233000  -1.365830   0.182  0.162  0.000   
      234000  -1.335844   0.182  0.162  0.000   
      235000  -1.291501   0.182  0.162  0.000   
      236000  -1.319198   0.182  0.162  0.000   
      237000  -1.283996   0.182  0.162  0.000   
      238000  -1.374671   0.182  0.162  0.000   
      239000  -1.329166   0.182  0.162  0.000   
      240000  -1.339712   0.182  0.162  0.000   
      241000  -1.281521   0.182  0.162  0.000   
      242000  -1.321115   0.182  0.162  0.000   
      243000  -1.317442   0.182  0.162  0.000   
      244000  -1.323561   0.181  0.162  0.000   
      245000  -1.304615   0.181  0.162  0.000   
      246000  -1.333626   0.181  0.162  0.000   
      247000  -1.317001   0.181  0.162  0.000   
      248000  -1.291147   0.181  0.162  0.000   
      249000  -1.333925   0.181  0.162  0.000   
      250000  -1.317157   0.181  0.162  0.000   
      251000  -1.313777   0.181  0.162  0.000   
      252000  -1.374974   0.181  0.162  0.000   
      253000  -1.274135   0.182  0.162  0.000   
      254000  -1.324989   0.182  0.162  0.000   
      255000  -1.314414   0.182  0.162  0.000   
      256000  -1.308183   0.182  0.162  0.000   
      257000  -1.314688   0.181  0.162  0.000   
      258000  -1.262032   0.181  0.162  0.000   
      259000  -1.375398   0.181  0.162  0.000   
      260000  -1.389307   0.181  0.162  0.000   
      261000  -1.288236   0.181  0.162  0.000   
      262000  -1.338234   0.181  0.162  0.000   
      263000  -1.350285   0.181  0.162  0.000   
      264000  -1.273671   0.181  0.162  0.000   
      265000  -1.337518   0.181  0.162  0.000   
      266000  -1.361133   0.181  0.162  0.000   
      267000  -1.317590   0.181  0.162  0.000   
      268000  -1.283122   0.181  0.162  0.000   
      269000  -1.310371   0.181  0.162  0.000   
      270000  -1.379787   0.181  0.162  0.000   
      271000  -1.352201   0.181  0.162  0.000   
      272000  -1.387256   0.181  0.162  0.000   
      273000  -1.359054   0.181  0.162  0.000   
      274000  -1.334745   0.181  0.162  0.000   
      275000  -1.328905   0.181  0.162  0.000   
      276000  -1.338154   0.181  0.162  0.000   
      277000  -1.304016   0.181  0.162  0.000   
      278000  -1.324564   0.181  0.162  0.000   
      279000  -1.312991   0.181  0.162  0.000   
      280000  -1.326937   0.181  0.162  0.000   
      281000  -1.251394   0.181  0.162  0.000   
      282000  -1.252578   0.181  0.163  0.000   
      283000  -1.296238   0.181  0.163  0.000   
      284000  -1.372953   0.181  0.163  0.000   
      285000  -1.365565   0.181  0.163  0.000   
      286000  -1.327125   0.181  0.163  0.000   
      287000  -1.297703   0.181  0.163  0.000   
      288000  -1.348867   0.181  0.163  0.000   
      289000  -1.293584   0.181  0.163  0.000   
      290000  -1.310268   0.181  0.163  0.000   
      291000  -1.297550   0.181  0.163  0.000   
      292000  -1.333006   0.181  0.163  0.000   
      293000  -1.290484   0.181  0.163  0.000   
      294000  -1.376917   0.180  0.163  0.000   
      295000  -1.324243   0.180  0.163  0.000   
      296000  -1.313622   0.180  0.163  0.000   
      297000  -1.286783   0.180  0.163  0.000   
      298000  -1.311283   0.180  0.163  0.000   
      299000  -1.324929   0.180  0.163  0.000   
      300000  -1.296347   0.180  0.163  0.000   
      301000  -1.284719   0.180  0.163  0.000   
      302000  -1.224318   0.180  0.163  0.000   
      303000  -1.256804   0.180  0.163  0.000   
      304000  -1.222145   0.180  0.163  0.000   
      305000  -1.228890   0.180  0.163  0.000   
      306000  -1.266481   0.180  0.163  0.000   
      307000  -1.265860   0.180  0.163  0.000   
      308000  -1.246318   0.180  0.163  0.000   
      309000  -1.212693   0.180  0.163  0.000   
      310000  -1.225752   0.180  0.163  0.000   
      311000  -1.271042   0.179  0.164  0.000   
      312000  -1.242680   0.179  0.164  0.000   
      313000  -1.329722   0.179  0.164  0.000   
      314000  -1.315773   0.179  0.164  0.000   
      315000  -1.337084   0.179  0.164  0.000   
      316000  -1.318869   0.179  0.164  0.000   
      317000  -1.278912   0.179  0.164  0.000   
      318000  -1.286523   0.179  0.164  0.000   
      319000  -1.278075   0.179  0.164  0.000   
      320000  -1.245208   0.179  0.164  0.000   
      321000  -1.284413   0.179  0.164  0.000   
      322000  -1.276386   0.179  0.164  0.000   
      323000  -1.279058   0.179  0.164  0.000   
      324000  -1.320104   0.179  0.164  0.000   
      325000  -1.302614   0.179  0.164  0.000   
      326000  -1.345048   0.179  0.164  0.000   
      327000  -1.291814   0.179  0.164  0.000   
      328000  -1.350056   0.179  0.164  0.000   
      329000  -1.290284   0.179  0.164  0.000   
      330000  -1.360545   0.179  0.164  0.000   
      331000  -1.406261   0.179  0.164  0.000   
      332000  -1.359150   0.179  0.164  0.000   
      333000  -1.341961   0.179  0.164  0.000   
      334000  -1.335241   0.179  0.164  0.000   
      335000  -1.323520   0.179  0.164  0.000   
      336000  -1.280338   0.179  0.164  0.000   
      337000  -1.334205   0.179  0.164  0.000   
      338000  -1.269203   0.179  0.164  0.000   
      339000  -1.303420   0.179  0.164  0.000   
      340000  -1.297897   0.179  0.164  0.000   
      341000  -1.382344   0.179  0.164  0.000   
      342000  -1.343321   0.179  0.164  0.000   
      343000  -1.339883   0.179  0.164  0.000   
      344000  -1.297265   0.179  0.164  0.000   
      345000  -1.338394   0.179  0.164  0.000   
      346000  -1.320222   0.179  0.164  0.000   
      347000  -1.306413   0.179  0.164  0.000   
      348000  -1.283408   0.179  0.164  0.000   
      349000  -1.396957   0.179  0.164  0.000   
      350000  -1.339220   0.179  0.164  0.000   
      351000  -1.351268   0.179  0.164  0.000   
      352000  -1.322047   0.179  0.164  0.000   
      353000  -1.380520   0.179  0.164  0.000   
      354000  -1.324461   0.179  0.164  0.000   
      355000  -1.356501   0.179  0.164  0.000   
      356000  -1.344116   0.179  0.164  0.000   
      357000  -1.288960   0.179  0.164  0.000   
      358000  -1.317416   0.179  0.164  0.000   
      359000  -1.352331   0.179  0.164  0.000   
      360000  -1.336079   0.179  0.164  0.000   
      361000  -1.381698   0.179  0.164  0.000   
      362000  -1.326539   0.179  0.164  0.000   
      363000  -1.337498   0.179  0.164  0.000   
      364000  -1.286521   0.179  0.164  0.000   
      365000  -1.339901   0.179  0.164  0.000   
      366000  -1.324108   0.179  0.164  0.000   
      367000  -1.272410   0.179  0.164  0.000   
      368000  -1.332508   0.179  0.164  0.000   
      369000  -1.353412   0.179  0.164  0.000   
      370000  -1.357934   0.179  0.164  0.000   
      371000  -1.324839   0.179  0.164  0.000   
      372000  -1.369446   0.179  0.164  0.000   
      373000  -1.351195   0.179  0.164  0.000   
      374000  -1.312768   0.179  0.164  0.000   
      375000  -1.373914   0.179  0.164  0.000   
      376000  -1.325014   0.179  0.164  0.000   
      377000  -1.324682   0.179  0.164  0.000   
      378000  -1.328731   0.179  0.164  0.000   
      379000  -1.319588   0.179  0.164  0.000   
      380000  -1.312436   0.179  0.164  0.000   
      381000  -1.251738   0.179  0.164  0.000   
      382000  -1.300124   0.179  0.164  0.000   
      383000  -1.285013   0.179  0.164  0.000   
      384000  -1.352495   0.179  0.164  0.000   
      385000  -1.333447   0.179  0.164  0.000   
      386000  -1.309625   0.179  0.164  0.000   
      387000  -1.330878   0.179  0.164  0.000   
      388000  -1.337163   0.179  0.164  0.000   
      389000  -1.283685   0.179  0.164  0.000   
      390000  -1.300517   0.179  0.164  0.000   
      391000  -1.306022   0.179  0.164  0.000   
      392000  -1.282984   0.179  0.164  0.000   
      393000  -1.287444   0.179  0.164  0.000   
      394000  -1.395602   0.179  0.164  0.000   
      395000  -1.361656   0.179  0.164  0.000   
      396000  -1.327375   0.179  0.164  0.000   
      397000  -1.344817   0.179  0.164  0.000   
      398000  -1.279958   0.179  0.164  0.000   
      399000  -1.279642   0.178  0.164  0.000   
      400000  -1.288610   0.178  0.164  0.000   
      401000  -1.307524   0.178  0.164  0.000   
      402000  -1.312026   0.178  0.164  0.000   
      403000  -1.271629   0.178  0.164  0.000   
      404000  -1.295847   0.178  0.164  0.000   
      405000  -1.265997   0.178  0.164  0.000   
      406000  -1.238533   0.178  0.164  0.000   
      407000  -1.282071   0.178  0.164  0.000   
      408000  -1.313766   0.178  0.164  0.000   
      409000  -1.282382   0.178  0.164  0.000   
      410000  -1.302616   0.178  0.164  0.000   
      411000  -1.304628   0.178  0.164  0.000   
      412000  -1.312529   0.178  0.164  0.000   
      413000  -1.319825   0.178  0.164  0.000   
      414000  -1.328356   0.178  0.164  0.000   
      415000  -1.310234   0.177  0.164  0.000   
      416000  -1.313488   0.177  0.164  0.000   
      417000  -1.395540   0.177  0.164  0.000   
      418000  -1.349184   0.177  0.164  0.000   
      419000  -1.261242   0.177  0.164  0.000   
      420000  -1.268195   0.177  0.164  0.000   
      421000  -1.254392   0.177  0.164  0.000   
      422000  -1.250224   0.177  0.164  0.000   
      423000  -1.237973   0.177  0.164  0.000   
      424000  -1.259936   0.177  0.165  0.000   
      425000  -1.266800   0.177  0.165  0.000   
      426000  -1.219991   0.177  0.165  0.000   
      427000  -1.287466   0.177  0.165  0.000   
      428000  -1.268626   0.177  0.165  0.000   
      429000  -1.249304   0.177  0.165  0.000   
      430000  -1.270316   0.177  0.165  0.000   
      431000  -1.264194   0.177  0.165  0.000   
      432000  -1.220272   0.177  0.165  0.000   
      433000  -1.315439   0.177  0.165  0.000   
      434000  -1.315881   0.177  0.165  0.000   
      435000  -1.335252   0.177  0.165  0.000   
      436000  -1.311375   0.177  0.165  0.000   
      437000  -1.387110   0.177  0.165  0.000   
      438000  -1.334385   0.177  0.165  0.000   
      439000  -1.333616   0.177  0.165  0.000   
      440000  -1.320858   0.177  0.165  0.000   
      441000  -1.305808   0.176  0.165  0.000   
      442000  -1.313847   0.176  0.165  0.000   
      443000  -1.293440   0.176  0.165  0.000   
      444000  -1.267486   0.176  0.165  0.000   
      445000  -1.282380   0.176  0.165  0.000   
      446000  -1.294812   0.176  0.165  0.000   
      447000  -1.340079   0.176  0.165  0.000   
      448000  -1.347497   0.176  0.165  0.000   
      449000  -1.358619   0.176  0.165  0.000   
      450000  -1.308059   0.176  0.165  0.000   
      451000  -1.326843   0.176  0.165  0.000   
      452000  -1.326598   0.176  0.165  0.000   
      453000  -1.355757   0.176  0.165  0.000   
      454000  -1.331765   0.176  0.165  0.000   
      455000  -1.256693   0.176  0.165  0.000   
      456000  -1.279693   0.176  0.165  0.000   
      457000  -1.344734   0.176  0.165  0.000   
      458000  -1.343202   0.176  0.165  0.000   
      459000  -1.312552   0.177  0.165  0.000   
      460000  -1.332635   0.177  0.165  0.000   
      461000  -1.306527   0.177  0.165  0.000   
      462000  -1.372401   0.177  0.165  0.000   
      463000  -1.334981   0.177  0.165  0.000   
      464000  -1.412984   0.177  0.165  0.000   
      465000  -1.345298   0.177  0.165  0.000   
      466000  -1.297853   0.177  0.165  0.000   
      467000  -1.315235   0.177  0.165  0.000   
      468000  -1.336078   0.177  0.165  0.000   
      469000  -1.333961   0.177  0.165  0.000   
      470000  -1.283296   0.177  0.165  0.000   
      471000  -1.275616   0.177  0.165  0.000   
      472000  -1.324044   0.177  0.165  0.000   
      473000  -1.332453   0.177  0.165  0.000   
      474000  -1.341175   0.177  0.165  0.000   
      475000  -1.343219   0.177  0.165  0.000   
      476000  -1.308411   0.177  0.165  0.000   
      477000  -1.303153   0.177  0.165  0.000   
      478000  -1.363045   0.177  0.165  0.000   
      479000  -1.313600   0.177  0.165  0.000   
      480000  -1.295887   0.177  0.165  0.000   
      481000  -1.282027   0.177  0.165  0.000   
      482000  -1.298242   0.177  0.165  0.000   
      483000  -1.249021   0.177  0.165  0.000   
      484000  -1.317061   0.177  0.165  0.000   
      485000  -1.276625   0.177  0.165  0.000   
      486000  -1.302497   0.177  0.165  0.000   
      487000  -1.265468   0.177  0.165  0.000   
      488000  -1.233779   0.177  0.165  0.000   
      489000  -1.265512   0.177  0.165  0.000   
      490000  -1.277583   0.177  0.165  0.000   
      491000  -1.241095   0.177  0.165  0.000   
      492000  -1.280943   0.177  0.165  0.000   
      493000  -1.335173   0.177  0.165  0.000   
      494000  -1.296185   0.177  0.165  0.000   
      495000  -1.345238   0.177  0.165  0.000   
      496000  -1.307221   0.177  0.165  0.000   
      497000  -1.346705   0.177  0.165  0.000   
      498000  -1.321361   0.177  0.165  0.000   
      499000  -1.352394   0.177  0.165  0.000   
      500000  -1.337082   0.177  0.165  0.000   
      501000  -1.403208   0.177  0.165  0.000   
      502000  -1.375827   0.177  0.165  0.000   
      503000  -1.372953   0.177  0.165  0.000   
      504000  -1.371944   0.177  0.165  0.000   
      505000  -1.328735   0.177  0.165  0.000   
      506000  -1.316185   0.177  0.165  0.000   
      507000  -1.390585   0.177  0.165  0.000   
      508000  -1.346426   0.177  0.165  0.000   
      509000  -1.369114   0.177  0.165  0.000   
      510000  -1.342440   0.177  0.165  0.000   
      511000  -1.327618   0.177  0.165  0.000   
      512000  -1.295336   0.177  0.165  0.000   
      513000  -1.290012   0.177  0.165  0.000   
      514000  -1.301460   0.177  0.165  0.000   
      515000  -1.326373   0.177  0.165  0.000   
      516000  -1.308538   0.177  0.165  0.000   
      517000  -1.313022   0.177  0.165  0.000   
      518000  -1.332717   0.177  0.165  0.000   
      519000  -1.342014   0.177  0.165  0.000   
      520000  -1.348847   0.177  0.165  0.000   
      521000  -1.357002   0.177  0.165  0.000   
      522000  -1.335733   0.177  0.165  0.000   
      523000  -1.268708   0.177  0.165  0.000   
      524000  -1.317812   0.177  0.165  0.000   
      525000  -1.319219   0.177  0.165  0.000   
      526000  -1.334346   0.177  0.165  0.000   
      527000  -1.309217   0.177  0.165  0.000   
      528000  -1.364673   0.177  0.165  0.000   
      529000  -1.295525   0.177  0.165  0.000   
      530000  -1.313038   0.177  0.165  0.000   
      531000  -1.317202   0.177  0.165  0.000   
      532000  -1.282077   0.177  0.165  0.000   
      533000  -1.326687   0.177  0.165  0.000   
      534000  -1.369059   0.177  0.165  0.000   
      535000  -1.300323   0.177  0.165  0.000   
      536000  -1.239405   0.177  0.165  0.000   
      537000  -1.281199   0.177  0.165  0.000   
      538000  -1.313485   0.177  0.165  0.000   
      539000  -1.320497   0.177  0.165  0.000   
      540000  -1.326536   0.177  0.165  0.000   
      541000  -1.371225   0.177  0.165  0.000   
      542000  -1.314942   0.177  0.165  0.000   
      543000  -1.246280   0.177  0.165  0.000   
      544000  -1.301884   0.177  0.165  0.000   
      545000  -1.319274   0.177  0.165  0.000   
      546000  -1.323854   0.177  0.165  0.000   
      547000  -1.317697   0.177  0.165  0.000   
      548000  -1.381883   0.177  0.165  0.000   
      549000  -1.335122   0.177  0.165  0.000   
      550000  -1.364243   0.177  0.165  0.000   
      551000  -1.256444   0.177  0.165  0.000   
      552000  -1.328545   0.177  0.165  0.000   
      553000  -1.277320   0.177  0.165  0.000   
      554000  -1.248086   0.177  0.165  0.000   
      555000  -1.233384   0.177  0.165  0.000   
      556000  -1.204432   0.177  0.165  0.000   
      557000  -1.219172   0.177  0.165  0.000   
      558000  -1.267832   0.177  0.165  0.000   
      559000  -1.304565   0.177  0.165  0.000   
      560000  -1.344971   0.177  0.165  0.000   
      561000  -1.296281   0.177  0.165  0.000   
      562000  -1.357388   0.177  0.165  0.000   
      563000  -1.283598   0.177  0.165  0.000   
      564000  -1.274407   0.177  0.165  0.000   
      565000  -1.319159   0.177  0.165  0.000   
      566000  -1.265344   0.177  0.166  0.000   
      567000  -1.325171   0.177  0.166  0.000   
      568000  -1.342338   0.177  0.166  0.000   
      569000  -1.284685   0.177  0.166  0.000   
      570000  -1.300624   0.177  0.166  0.000   
      571000  -1.318501   0.177  0.166  0.000   
      572000  -1.277719   0.177  0.166  0.000   
      573000  -1.293334   0.177  0.166  0.000   
      574000  -1.307213   0.177  0.166  0.000   
      575000  -1.277926   0.177  0.166  0.000   
      576000  -1.262973   0.177  0.166  0.000   
      577000  -1.279791   0.177  0.166  0.000   
      578000  -1.297950   0.177  0.166  0.000   
      579000  -1.309549   0.177  0.166  0.000   
      580000  -1.249406   0.177  0.166  0.000   
      581000  -1.292350   0.177  0.166  0.000   
      582000  -1.282628   0.177  0.166  0.000   
      583000  -1.317714   0.177  0.166  0.000   
      584000  -1.291980   0.177  0.166  0.000   
      585000  -1.280954   0.177  0.166  0.000   
      586000  -1.239736   0.177  0.166  0.000   
      587000  -1.284704   0.177  0.166  0.000   
      588000  -1.259446   0.177  0.166  0.000   
      589000  -1.308333   0.177  0.166  0.000   
      590000  -1.301192   0.177  0.166  0.000   
      591000  -1.368345   0.176  0.166  0.000   
      592000  -1.308753   0.176  0.166  0.000   
      593000  -1.347787   0.176  0.166  0.000   
      594000  -1.304701   0.176  0.166  0.000   
      595000  -1.251749   0.176  0.166  0.000   
      596000  -1.297225   0.176  0.166  0.000   
      597000  -1.270831   0.176  0.166  0.000   
      598000  -1.218967   0.176  0.166  0.000   
      599000  -1.260812   0.176  0.166  0.000   
      600000  -1.275330   0.176  0.166  0.000   
      601000  -1.283164   0.176  0.166  0.000   
      602000  -1.226851   0.176  0.166  0.000   
      603000  -1.299619   0.176  0.166  0.000   
      604000  -1.281276   0.176  0.166  0.000   
      605000  -1.247027   0.176  0.166  0.000   
      606000  -1.291162   0.176  0.166  0.000   
      607000  -1.285227   0.176  0.166  0.000   
      608000  -1.256827   0.176  0.166  0.000   
      609000  -1.329299   0.176  0.166  0.000   
      610000  -1.319188   0.176  0.166  0.000   
      611000  -1.367793   0.176  0.166  0.000   
      612000  -1.362169   0.176  0.166  0.000   
      613000  -1.389775   0.176  0.166  0.000   
      614000  -1.374524   0.176  0.166  0.000   
      615000  -1.364127   0.176  0.166  0.000   
      616000  -1.344860   0.176  0.166  0.000   
      617000  -1.370594   0.176  0.166  0.000   
      618000  -1.325657   0.176  0.166  0.000   
      619000  -1.340689   0.176  0.166  0.000   
      620000  -1.366837   0.176  0.166  0.000   
      621000  -1.367719   0.176  0.166  0.000   
      622000  -1.323596   0.176  0.166  0.000   
      623000  -1.369625   0.176  0.166  0.000   
      624000  -1.365986   0.176  0.166  0.000   
      625000  -1.305882   0.176  0.166  0.000   
      626000  -1.279323   0.176  0.166  0.000   
      627000  -1.301656   0.176  0.166  0.000   
      628000  -1.295951   0.176  0.166  0.000   
      629000  -1.323019   0.176  0.166  0.000   
      630000  -1.283950   0.176  0.166  0.000   
      631000  -1.334340   0.176  0.166  0.000   
      632000  -1.333188   0.176  0.166  0.000   
      633000  -1.341805   0.176  0.166  0.000   
      634000  -1.325911   0.176  0.166  0.000   
      635000  -1.321947   0.176  0.166  0.000   
      636000  -1.305021   0.176  0.166  0.000   
      637000  -1.263546   0.176  0.166  0.000   
      638000  -1.278643   0.176  0.166  0.000   
      639000  -1.319073   0.176  0.166  0.000   
      640000  -1.276875   0.176  0.166  0.000   
      641000  -1.306925   0.176  0.166  0.000   
      642000  -1.305650   0.176  0.166  0.000   
      643000  -1.354378   0.176  0.166  0.000   
      644000  -1.299807   0.176  0.166  0.000   
      645000  -1.249943   0.176  0.166  0.000   
      646000  -1.305952   0.176  0.166  0.000   
      647000  -1.296607   0.176  0.166  0.000   
      648000  -1.286633   0.176  0.166  0.000   
      649000  -1.311694   0.176  0.166  0.000   
      650000  -1.324633   0.176  0.166  0.000   
      651000  -1.346026   0.176  0.166  0.000   
      652000  -1.334432   0.176  0.166  0.000   
      653000  -1.255270   0.176  0.166  0.000   
      654000  -1.294453   0.176  0.166  0.000   
      655000  -1.306537   0.176  0.166  0.000   
      656000  -1.329821   0.176  0.166  0.000   
      657000  -1.358571   0.176  0.166  0.000   
      658000  -1.314279   0.176  0.166  0.000   
      659000  -1.291304   0.176  0.166  0.000   
      660000  -1.307307   0.176  0.166  0.000   
      661000  -1.335402   0.176  0.166  0.000   
      662000  -1.304896   0.176  0.166  0.000   
      663000  -1.298286   0.176  0.166  0.000   
      664000  -1.281032   0.176  0.166  0.000   
      665000  -1.333674   0.176  0.166  0.000   
      666000  -1.322951   0.176  0.166  0.000   
      667000  -1.311779   0.176  0.166  0.000   
      668000  -1.290286   0.176  0.166  0.000   
      669000  -1.277292   0.176  0.166  0.000   
      670000  -1.292893   0.176  0.166  0.000   
      671000  -1.309582   0.176  0.166  0.000   
      672000  -1.287060   0.176  0.166  0.000   
      673000  -1.259872   0.176  0.166  0.000   
      674000  -1.273733   0.176  0.166  0.000   
      675000  -1.332000   0.176  0.166  0.000   
      676000  -1.326555   0.176  0.166  0.000   
      677000  -1.280551   0.176  0.166  0.000   
      678000  -1.287696   0.176  0.166  0.000   
      679000  -1.298797   0.176  0.166  0.000   
      680000  -1.280794   0.176  0.166  0.000   
      681000  -1.200325   0.176  0.166  0.000   
      682000  -1.263860   0.176  0.166  0.000   
      683000  -1.314357   0.176  0.166  0.000   
      684000  -1.256916   0.176  0.166  0.000   
      685000  -1.258015   0.176  0.166  0.000   
      686000  -1.273765   0.176  0.166  0.000   
      687000  -1.291416   0.176  0.166  0.000   
      688000  -1.283001   0.176  0.166  0.000   
      689000  -1.254199   0.176  0.166  0.000   
      690000  -1.209398   0.176  0.166  0.000   
      691000  -1.263601   0.176  0.166  0.000   
      692000  -1.351418   0.176  0.166  0.000   
      693000  -1.328763   0.176  0.166  0.000   
      694000  -1.304085   0.176  0.166  0.000   
      695000  -1.340034   0.176  0.166  0.000   
      696000  -1.327660   0.176  0.166  0.000   
      697000  -1.315231   0.176  0.166  0.000   
      698000  -1.310920   0.176  0.166  0.000   
      699000  -1.319188   0.176  0.166  0.000   
      700000  -1.321709   0.176  0.166  0.000   
      701000  -1.355778   0.176  0.166  0.000   
      702000  -1.358298   0.176  0.166  0.000   
      703000  -1.333759   0.176  0.166  0.000   
      704000  -1.357788   0.176  0.166  0.000   
      705000  -1.368575   0.176  0.166  0.000   
      706000  -1.357963   0.176  0.166  0.000   
      707000  -1.321909   0.176  0.166  0.000   
      708000  -1.347321   0.176  0.166  0.000   
      709000  -1.361011   0.176  0.166  0.000   
      710000  -1.350290   0.176  0.166  0.000   
      711000  -1.362171   0.176  0.166  0.000   
      712000  -1.338467   0.176  0.166  0.000   
      713000  -1.365150   0.176  0.166  0.000   
      714000  -1.309319   0.176  0.166  0.000   
      715000  -1.357419   0.176  0.166  0.000   
      716000  -1.305068   0.176  0.166  0.000   
      717000  -1.324908   0.176  0.166  0.000   
      718000  -1.339745   0.176  0.166  0.000   
      719000  -1.317579   0.176  0.166  0.000   
      720000  -1.331184   0.176  0.166  0.000   
      721000  -1.305399   0.176  0.166  0.000   
      722000  -1.303120   0.176  0.166  0.000   
      723000  -1.263333   0.176  0.166  0.000   
      724000  -1.302488   0.176  0.166  0.000   
      725000  -1.252574   0.176  0.166  0.000   
      726000  -1.298848   0.176  0.166  0.000   
      727000  -1.299142   0.176  0.166  0.000   
      728000  -1.334267   0.176  0.166  0.000   
      729000  -1.302418   0.176  0.166  0.000   
      730000  -1.321448   0.176  0.166  0.000   
      731000  -1.313429   0.176  0.166  0.000   
      732000  -1.310867   0.176  0.166  0.000   
      733000  -1.325858   0.176  0.166  0.000   
      734000  -1.340760   0.176  0.166  0.000   
      735000  -1.381624   0.176  0.166  0.000   
      736000  -1.337429   0.176  0.166  0.000   
      737000  -1.326546   0.176  0.166  0.000   
      738000  -1.375256   0.176  0.166  0.000   
      739000  -1.334231   0.176  0.166  0.000   
      740000  -1.376209   0.176  0.166  0.000   
      741000  -1.368734   0.176  0.166  0.000   
      742000  -1.379768   0.176  0.166  0.000   
      743000  -1.331647   0.176  0.166  0.000   
      744000  -1.321187   0.176  0.166  0.000   
      745000  -1.327803   0.176  0.166  0.000   
      746000  -1.301399   0.176  0.166  0.000   
      747000  -1.350871   0.176  0.166  0.000   
      748000  -1.349729   0.176  0.166  0.000   
      749000  -1.329038   0.176  0.166  0.000   
      750000  -1.372568   0.176  0.166  0.000   
      751000  -1.362606   0.176  0.166  0.000   
      752000  -1.335474   0.176  0.166  0.000   
      753000  -1.340188   0.176  0.166  0.000   
      754000  -1.325538   0.176  0.166  0.000   
      755000  -1.348643   0.176  0.166  0.000   
      756000  -1.356350   0.176  0.166  0.000   
      757000  -1.304095   0.176  0.166  0.000   
      758000  -1.318315   0.176  0.166  0.000   
      759000  -1.259831   0.176  0.166  0.000   
      760000  -1.292026   0.176  0.166  0.000   
      761000  -1.300953   0.176  0.166  0.000   
      762000  -1.256548   0.176  0.166  0.000   
      763000  -1.260848   0.176  0.166  0.000   
      764000  -1.235308   0.176  0.166  0.000   
      765000  -1.240987   0.176  0.166  0.000   
      766000  -1.275801   0.176  0.166  0.000   
      767000  -1.281028   0.176  0.166  0.000   
      768000  -1.313304   0.176  0.166  0.000   
      769000  -1.275281   0.176  0.166  0.000   
      770000  -1.281198   0.176  0.166  0.000   
      771000  -1.243300   0.176  0.166  0.000   
      772000  -1.284841   0.176  0.166  0.000   
      773000  -1.278733   0.176  0.166  0.000   
      774000  -1.282832   0.176  0.166  0.000   
      775000  -1.235095   0.176  0.166  0.000   
      776000  -1.271442   0.176  0.166  0.000   
      777000  -1.257781   0.176  0.166  0.000   
      778000  -1.302260   0.176  0.166  0.000   
      779000  -1.279068   0.176  0.166  0.000   
      780000  -1.319153   0.176  0.166  0.000   
      781000  -1.299982   0.176  0.166  0.000   
      782000  -1.309337   0.176  0.166  0.000   
      783000  -1.321143   0.176  0.166  0.000   
      784000  -1.356083   0.176  0.166  0.000   
      785000  -1.365009   0.176  0.166  0.000   
      786000  -1.349387   0.176  0.166  0.000   
      787000  -1.283801   0.176  0.166  0.000   
      788000  -1.277204   0.176  0.166  0.000   
      789000  -1.288533   0.176  0.166  0.000   
      790000  -1.325029   0.176  0.166  0.000   
      791000  -1.302646   0.176  0.166  0.000   
      792000  -1.315741   0.176  0.166  0.000   
      793000  -1.307610   0.176  0.166  0.000   
      794000  -1.322922   0.176  0.166  0.000   
      795000  -1.339172   0.176  0.166  0.000   
      796000  -1.306818   0.176  0.166  0.000   
      797000  -1.276542   0.176  0.166  0.000   
      798000  -1.335538   0.176  0.166  0.000   
      799000  -1.293779   0.176  0.166  0.000   
      800000  -1.226663   0.176  0.166  0.000   
      801000  -1.226744   0.176  0.166  0.000   
      802000  -1.247819   0.176  0.166  0.000   
      803000  -1.291794   0.176  0.166  0.000   
      804000  -1.225051   0.176  0.166  0.000   
      805000  -1.298190   0.176  0.166  0.000   
      806000  -1.224263   0.176  0.166  0.000   
      807000  -1.184881   0.176  0.167  0.000   
      808000  -1.245224   0.176  0.167  0.000   
      809000  -1.198739   0.176  0.167  0.000   
      810000  -1.191789   0.176  0.167  0.000   
      811000  -1.182842   0.176  0.167  0.000   
      812000  -1.188567   0.176  0.167  0.000   
      813000  -1.231256   0.176  0.167  0.000   
      814000  -1.241151   0.176  0.167  0.000   
      815000  -1.232948   0.176  0.167  0.000   
      816000  -1.299402   0.176  0.167  0.000   
      817000  -1.319321   0.176  0.167  0.000   
      818000  -1.320554   0.176  0.167  0.000   
      819000  -1.332960   0.176  0.167  0.000   
      820000  -1.339079   0.176  0.167  0.000   
      821000  -1.352769   0.176  0.167  0.000   
      822000  -1.307856   0.176  0.167  0.000   
      823000  -1.333741   0.176  0.167  0.000   
      824000  -1.316369   0.176  0.167  0.000   
      825000  -1.359935   0.176  0.167  0.000   
      826000  -1.349271   0.176  0.167  0.000   
      827000  -1.318249   0.176  0.167  0.000   
      828000  -1.370873   0.176  0.167  0.000   
      829000  -1.317020   0.176  0.167  0.000   
      830000  -1.371951   0.176  0.167  0.000   
      831000  -1.373473   0.176  0.167  0.000   
      832000  -1.315717   0.176  0.167  0.000   
      833000  -1.355413   0.176  0.167  0.000   
      834000  -1.310241   0.176  0.167  0.000   
      835000  -1.336651   0.176  0.167  0.000   
      836000  -1.407393   0.176  0.167  0.000   
      837000  -1.349521   0.176  0.167  0.000   
      838000  -1.347426   0.176  0.167  0.000   
      839000  -1.352080   0.176  0.167  0.000   
      840000  -1.320286   0.176  0.167  0.000   
      841000  -1.366231   0.176  0.166  0.000   
      842000  -1.316695   0.176  0.166  0.000   
      843000  -1.294101   0.176  0.166  0.000   
      844000  -1.304280   0.176  0.166  0.000   
      845000  -1.345918   0.176  0.166  0.000   
      846000  -1.331181   0.176  0.166  0.000   
      847000  -1.304946   0.176  0.166  0.000   
      848000  -1.283343   0.176  0.166  0.000   
      849000  -1.291902   0.176  0.166  0.000   
      850000  -1.276851   0.176  0.166  0.000   
      851000  -1.290442   0.176  0.166  0.000   
      852000  -1.306798   0.176  0.166  0.000   
      853000  -1.297801   0.176  0.166  0.000   
      854000  -1.323896   0.176  0.166  0.000   
      855000  -1.357133   0.176  0.166  0.000   
      856000  -1.357247   0.176  0.166  0.000   
      857000  -1.355610   0.176  0.166  0.000   
      858000  -1.332831   0.176  0.166  0.000   
      859000  -1.261727   0.176  0.166  0.000   
      860000  -1.318740   0.176  0.166  0.000   
      861000  -1.331058   0.176  0.166  0.000   
      862000  -1.333721   0.176  0.166  0.000   
      863000  -1.375729   0.176  0.166  0.000   
      864000  -1.376672   0.176  0.166  0.000   
      865000  -1.344727   0.176  0.166  0.000   
      866000  -1.282972   0.176  0.166  0.000   
      867000  -1.235593   0.176  0.166  0.000   
      868000  -1.296002   0.176  0.166  0.000   
      869000  -1.359843   0.176  0.166  0.000   
      870000  -1.324321   0.176  0.166  0.000   
      871000  -1.388220   0.176  0.166  0.000   
      872000  -1.256478   0.176  0.166  0.000   
      873000  -1.275324   0.176  0.166  0.000   
      874000  -1.305038   0.176  0.166  0.000   
      875000  -1.284242   0.176  0.166  0.000   
      876000  -1.273104   0.176  0.166  0.000   
      877000  -1.259049   0.176  0.166  0.000   
      878000  -1.286615   0.176  0.166  0.000   
      879000  -1.325395   0.176  0.166  0.000   
      880000  -1.350427   0.176  0.166  0.000   
      881000  -1.344478   0.176  0.166  0.000   
      882000  -1.356900   0.176  0.166  0.000   
      883000  -1.407924   0.176  0.166  0.000   
      884000  -1.332771   0.177  0.166  0.000   
      885000  -1.359333   0.177  0.166  0.000   
      886000  -1.399671   0.177  0.166  0.000   
      887000  -1.354302   0.177  0.166  0.000   
      888000  -1.322472   0.177  0.166  0.000   
      889000  -1.328359   0.177  0.166  0.000   
      890000  -1.332911   0.177  0.166  0.000   
      891000  -1.294857   0.177  0.166  0.000   
      892000  -1.343715   0.177  0.166  0.000   
      893000  -1.415460   0.177  0.166  0.000   
      894000  -1.338270   0.177  0.166  0.000   
      895000  -1.363512   0.177  0.166  0.000   
      896000  -1.344665   0.177  0.166  0.000   
      897000  -1.343319   0.177  0.166  0.000   
      898000  -1.299081   0.177  0.166  0.000   
      899000  -1.330908   0.177  0.166  0.000   
      900000  -1.320060   0.177  0.166  0.000   
      901000  -1.382549   0.177  0.166  0.000   
      902000  -1.376672   0.177  0.166  0.000   
      903000  -1.349646   0.177  0.166  0.000   
      904000  -1.355387   0.177  0.166  0.000   
      905000  -1.360602   0.177  0.166  0.000   
      906000  -1.395280   0.177  0.166  0.000   
      907000  -1.353655   0.177  0.166  0.000   
      908000  -1.261915   0.177  0.166  0.000   
      909000  -1.371654   0.177  0.166  0.000   
      910000  -1.345724   0.177  0.166  0.000   
      911000  -1.344856   0.177  0.166  0.000   
      912000  -1.329243   0.177  0.166  0.000   
      913000  -1.337515   0.177  0.166  0.000   
      914000  -1.322090   0.177  0.166  0.000   
      915000  -1.312593   0.177  0.166  0.000   
      916000  -1.302691   0.177  0.166  0.000   
      917000  -1.291608   0.177  0.166  0.000   
      918000  -1.293504   0.177  0.166  0.000   
      919000  -1.302573   0.177  0.166  0.000   
      920000  -1.316167   0.177  0.166  0.000   
      921000  -1.372427   0.177  0.166  0.000   
      922000  -1.312323   0.177  0.166  0.000   
      923000  -1.319546   0.177  0.166  0.000   
      924000  -1.320891   0.177  0.166  0.000   
      925000  -1.308888   0.177  0.166  0.000   
      926000  -1.341917   0.177  0.166  0.000   
      927000  -1.321803   0.177  0.166  0.000   
      928000  -1.336626   0.177  0.166  0.000   
      929000  -1.326212   0.177  0.166  0.000   
      930000  -1.322620   0.177  0.166  0.000   
      931000  -1.340752   0.177  0.166  0.000   
      932000  -1.309578   0.177  0.166  0.000   
      933000  -1.294160   0.177  0.166  0.000   
      934000  -1.308154   0.177  0.166  0.000   
      935000  -1.309118   0.177  0.166  0.000   
      936000  -1.355153   0.177  0.166  0.000   
      937000  -1.352073   0.177  0.166  0.000   
      938000  -1.359086   0.177  0.166  0.000   
      939000  -1.379766   0.177  0.166  0.000   
      940000  -1.363906   0.177  0.166  0.000   
      941000  -1.341233   0.177  0.166  0.000   
      942000  -1.284803   0.177  0.166  0.000   
      943000  -1.333579   0.177  0.166  0.000   
      944000  -1.373484   0.177  0.166  0.000   
      945000  -1.334893   0.177  0.166  0.000   
      946000  -1.351738   0.177  0.166  0.000   
      947000  -1.322263   0.177  0.166  0.000   
      948000  -1.357214   0.177  0.166  0.000   
      949000  -1.290453   0.177  0.166  0.000   
      950000  -1.317564   0.177  0.166  0.000   
      951000  -1.334288   0.178  0.166  0.000   
      952000  -1.335147   0.178  0.166  0.000   
      953000  -1.271917   0.177  0.166  0.000   
      954000  -1.371107   0.177  0.166  0.000   
      955000  -1.307258   0.178  0.166  0.000   
      956000  -1.365198   0.178  0.166  0.000   
      957000  -1.396789   0.178  0.166  0.000   
      958000  -1.338487   0.178  0.166  0.000   
      959000  -1.341674   0.178  0.166  0.000   
      960000  -1.369161   0.178  0.166  0.000   
      961000  -1.317414   0.178  0.166  0.000   
      962000  -1.347465   0.178  0.166  0.000   
      963000  -1.352786   0.178  0.166  0.000   
      964000  -1.328347   0.178  0.166  0.000   
      965000  -1.333779   0.178  0.166  0.000   
      966000  -1.386201   0.178  0.166  0.000   
      967000  -1.375998   0.178  0.166  0.000   
      968000  -1.335783   0.178  0.166  0.000   
      969000  -1.248941   0.178  0.166  0.000   
      970000  -1.308177   0.178  0.166  0.000   
      971000  -1.357917   0.178  0.166  0.000   
      972000  -1.311295   0.178  0.166  0.000   
      973000  -1.296844   0.178  0.166  0.000   
      974000  -1.312817   0.178  0.166  0.000   
      975000  -1.307954   0.178  0.166  0.000   
      976000  -1.291296   0.178  0.166  0.000   
      977000  -1.318838   0.178  0.166  0.000   
      978000  -1.299289   0.178  0.166  0.000   
      979000  -1.357897   0.178  0.166  0.000   
      980000  -1.421185   0.178  0.166  0.000   
      981000  -1.343888   0.178  0.166  0.000   
      982000  -1.414969   0.178  0.166  0.000   
      983000  -1.332214   0.178  0.166  0.000   
      984000  -1.305068   0.178  0.166  0.000   
      985000  -1.287861   0.178  0.166  0.000   
      986000  -1.297990   0.178  0.166  0.000   
      987000  -1.344358   0.178  0.166  0.000   
      988000  -1.347800   0.178  0.166  0.000   
      989000  -1.314954   0.178  0.166  0.000   
      990000  -1.376214   0.178  0.166  0.000   
      991000  -1.380426   0.178  0.166  0.000   
      992000  -1.368846   0.178  0.166  0.000   
      993000  -1.336427   0.178  0.166  0.000   
      994000  -1.335958   0.178  0.166  0.000   
      995000  -1.335690   0.178  0.166  0.000   
      996000  -1.366646   0.178  0.166  0.000   
      997000  -1.342338   0.178  0.166  0.000   
      998000  -1.355687   0.178  0.166  0.000   
      999000  -1.311050   0.178  0.166  0.000   
     1000000  -1.323281   0.178  0.166  0.000   
