t = 0
b =  50.0 50.0 50.0
E = 0. 0. 0.
33.66471965326984 33.3772532832232 2.7951642751798915 -0.3029128134344157 -0.11014744812596472 0.9466315899697121 0.6366786625543396 0.7157269061367806 0.28701093442565845 0.0 0.0 0.0 0.0 0.0 0.0
33.628855664800874 33.88629428522278 2.9633193664876307 0.17044998954340618 -0.49360951407618214 0.8528167732157527 0.6366786625543396 0.7157269061367806 0.28701093442565845 0.0 0.0 0.0 0.0 0.0 0.0
33.63184575681154 34.28281698295726 3.325874068083819 0.5790559917218348 -0.689541072917881 0.4350026059810453 0.6366786625543396 0.7157269061367806 0.28701093442565845 0.0 0.0 0.0 0.0 0.0 0.0
33.76683168035523 34.52215877142366 3.7875876274007627 0.7676689413452383 -0.6235044496461273 -0.14807632412158847 0.6366786625543396 0.7157269061367806 0.28701093442565845 0.0 0.0 0.0 0.0 0.0 0.0
34.0768077632333 34.61937270097464 4.215547183974962 0.6646316254113341 -0.3205880615153234 -0.6748985829863151 0.6366786625543396 0.7157269061367806 0.28701093442565845 0.0 0.0 0.0 0.0 0.0 0.0
34.53828664603654 34.64350857181587 4.489663587321717 0.3090896429354674 0.10412509113170657 -0.9453155864719676 0.6366786625543396 0.7157269061367806 0.28701093442565845 0.0 0.0 0.0 0.0 0.0 0.0
35.070222522672445 34.69137976045688 4.54829527298779 -0.1638806625948315 0.48927938077911454 -0.8565913938231496 0.6366786625543396 0.7157269061367806 0.28701093442565845 0.0 0.0 0.0 0.0 0.0 0.0
35.56480179711335 34.850782199341694 4.411666923479189 -0.5745899644667901 0.6885482533535279 -0.4424338092165426 0.6366786625543396 0.7157269061367806 0.28701093442565845 0.0 0.0 0.0 0.0 0.0 0.0
35.928403271074544 35.16713923424364 4.174185773238478 -0.7670029322059093 0.626226132566044 0.13981177661024866 0.6366786625543396 0.7157269061367806 0.28701093442565845 0.0 0.0 0.0 0.0 0.0 0.0
36.117166402505624 35.62624453576825 3.9685747218752563 -0.6680186623948309 0.32599023407412164 0.6689405309745566 0.6366786625543396 0.7157269061367806 0.28701093442565845 0.0 0.0 0.0 0.0 0.0 0.0
36.153654658824564 36.159659321407354 3.915448685595929 -0.3152429340635211 -0.09809480460862303 0.9439275935323748 0.6366786625543396 0.7157269061367806 0.28701093442565845 0.0 0.0 0.0 0.0 0.0 0.0
36.11828327840459 36.67071339324936 4.07749097396303 0.15729885549930975 -0.48491198696287946 0.8603007816794782 0.6366786625543396 0.7157269061367806 0.28701093442565845 0.0 0.0 0.0 0.0 0.0 0.0
36.1187681770451 37.071231762405404 4.435638852583372 0.5700801799613353 -0.6875029981738597 0.4498313194045155 0.6366786625543396 0.7157269061367806 0.28701093442565845 0.0 0.0 0.0 0.0 0.0 0.0
36.24920287064539 37.3150338014954 4.896325794615935 0.7662785128237196 -0.6289001259414336 -0.13153658189081718 0.6366786625543396 0.7157269061367806 0.28701093442565845 0.0 0.0 0.0 0.0 0.0 0.0
36.55431077535484 37.41547803708868 5.3270289686676815 0.6713548271708462 -0.3313675812144735 -0.6629315365514563 0.6366786625543396 0.7157269061367806 0.28701093442565845 0.0 0.0 0.0 0.0 0.0 0.0
37.012454034042094 37.440387022117626 5.606616878103354 0.3213722182216325 0.09205704778637826 -0.9424677168519706 0.6366786625543396 0.7157269061367806 0.28701093442565845 0.0 0.0 0.0 0.0 0.0 0.0
37.54385409998496 37.48628041408605 5.67136924182783 -0.1507050694869352 0.4805076652214232 -0.8639446543004923 0.6366786625543396 0.7157269061367806 0.28701093442565845 0.0 0.0 0.0 0.0 0.0 0.0
38.04090094059634 37.6417055434609 5.5391853944204525 -0.565526981643022 0.6864053869791037 -0.4571945731959233 0.6366786625543396 0.7157269061367806 0.28701093442565845 0.0 0.0 0.0 0.0 0.0 0.0
38.40903588794786 37.95359680239542 5.302784029667416 -0.7654957383660111 0.631526226137346 0.12325137015140973 0.6366786625543396 0.7157269061367806 0.28701093442565845 0.0 0.0 0.0 0.0 0.0 0.0
38.60267605765249 38.40944448444893 5.094477818618503 -0.6746398656775173 0.3367196934305732 0.6568720573252033 0.6366786625543396 0.7157269061367806 0.28701093442565845 0.0 0.0 0.0 0.0 0.0 0.0
38.64253204874835 38.94204743121485 5.0359056137053795 -0.3274770286410841 -0.08601228046353211 0.9409360676060156 0.6366786625543396 0.7157269061367806 0.28701093442565845 0.0 0.0 0.0 0.0 0.0 0.0
38.6077396408614 39.45504387594273 5.191819815009643 0.14409980670003988 -0.47606675096090023 0.8675227341911833 0.6366786625543396 0.7157269061367806 0.28701093442565845 0.0 0.0 0.0 0.0 0.0 0.0
38.605794788445834 39.85952088980961 5.545485850869428 0.5609307162555289 -0.6852555033566038 0.46452300985048117 0.6366786625543396 0.7157269061367806 0.28701093442565845 0.0 0.0 0.0 0.0 0.0 0.0
38.731714110450426 40.10779389012475 6.005039921440867 0.764654668444088 -0.634104233166086 -0.11495677234297849 0.6366786625543396 0.7157269061367806 0.28701093442565845 0.0 0.0 0.0 0.0 0.0 0.0
39.03193648818674 40.211522810537566 6.438389592139604 0.6778735277464417 -0.34204616313835595 -0.6507625547486018 0.6366786625543396 0.7157269061367806 0.28701093442565845 0.0 0.0 0.0 0.0 0.0 0.0
39.48668015790217 40.2372822973005 6.723397918007125 0.3335569004169249 0.07996096297251748 -0.9393327624355307 0.6366786625543396 0.7157269061367806 0.28701093442565845 0.0 0.0 0.0 0.0 0.0 0.0
40.01745813356303 40.281268888088995 6.794285311121319 -0.13748357015496016 0.47158958237412313 -0.8710347488669152 0.6366786625543396 0.7157269061367806 0.28701093442565845 0.0 0.0 0.0 0.0 0.0 0.0
40.51689672508114 40.43275433901825 6.666620305824153 -0.5562917338222623 0.6840534348744476 -0.4718160712793654 0.6366786625543396 0.7157269061367806 0.28701093442565845 0.0 0.0 0.0 0.0 0.0 0.0
40.88952859837072 40.74016979195092 6.431404812233142 -0.7637553671086829 0.6366339507024349 0.10665342013125964 0.6366786625543396 0.7157269061367806 0.28701093442565845 0.0 0.0 0.0 0.0 0.0 0.0
41.08806241169627 41.192705973977915 6.220500969116905 -0.6810555671217352 0.3473465847065291 0.644603494083926 0.6366786625543396 0.7157269061367806 0.28701093442565845 0.0 0.0 0.0 0.0 0.0 0.0
41.131349587066985 41.724419820918044 6.156534512759578 -0.3396113705433818 -0.07390355614459206 0.9376579234384113 0.6366786625543396 0.7157269061367806 0.28701093442565845 0.0 0.0 0.0 0.0 0.0 0.0
41.09722233983645 42.23928734990964 6.306307209553484 0.130856863703723 -0.46707650041481596 0.8744804308741725 0.6366786625543396 0.7157269061367806 0.28701093442565845 0.0 0.0 0.0 0.0 0.0 0.0
41.09292391880459 42.64768477593508 6.655417748080724 0.5516103876196932 -0.6827992730748061 0.47907320208771115 0.6366786625543396 0.7157269061367806 0.28701093442565845 0.0 0.0 0.0 0.0 0.0 0.0
41.21436510298709 42.90043808617882 7.1137330380979185 0.7627979028450723 -0.6391151860986102 -0.09834194584867273 0.6366786625543396 0.7157269061367806 0.28701093442565845 0.0 0.0 0.0 0.0 0.0 0.0
41.509686093124586 43.007505069641596 7.549631278464574 0.6841857414787774 -0.35262055448747087 -0.6383953443674922 0.6366786625543396 0.7157269061367806 0.28701093442565845 0.0 0.0 0.0 0.0 0.0 0.0
42.455742902142035 44.296716436906294 7.66807266633323 0.7617823485678689 -0.6415477503989282 -0.09002298244616272 -0.6366786625543396 -0.7157269061367806 -0.28701093442565845 0.0 0.0 0.0 0.0 0.0 0.0
42.336526397474756 44.04171989231765 7.210416365840022 0.5468870341504614 -0.6814931134669543 0.486293849616911 -0.6366786625543396 -0.7157269061367806 -0.28701093442565845 0.0 0.0 0.0 0.0 0.0 0.0
42.3419728094499 43.631376971071006 6.863610763668246 0.12422019199568277 -0.4625278487716411 0.8778595178109305 -0.6366786625543396 -0.7157269061367806 -0.28701093442565845 0.0 0.0 0.0 0.0 0.0 0.0
42.375735218099045 43.11560081214341 6.716913266203362 -0.3456399779491121 -0.06784052127473611 0.9359116781601324 -0.6366786625543396 -0.7157269061367806 -0.28701093442565845 0.0 0.0 0.0 0.0 0.0 0.0
42.330708982899125 42.58436040425663 6.7835568652235825 -0.6841857414787778 0.35262055448747087 0.6383953443674927 -0.6366786625543396 -0.7157269061367806 -0.28701093442565845 0.0 0.0 0.0 0.0 0.0 0.0
42.12972258640117 42.13349986286049 6.995722703079511 -0.7627979028450729 0.6391151860986104 0.09834194584867295 -0.6366786625543396 -0.7157269061367806 -0.28701093442565845 0.0 0.0 0.0 0.0 0.0 0.0
41.75485638394822 41.82832564824532 7.230305590585978 -0.5516103876196937 0.6827992730748066 -0.47907320208771137 -0.6366786625543396 -0.7157269061367806 -0.28701093442565845 0.0 0.0 0.0 0.0 0.0 0.0
41.25425057628091 41.67879554941185 7.355683726602492 -0.13085686370372326 0.46707650041481635 -0.8744804308741732 -0.6366786625543396 -0.7157269061367806 -0.28701093442565845 0.0 0.0 0.0 0.0 0.0 0.0
40.72381594241492 41.635735553544535 7.2817240208856715 0.3396113705433819 0.07390355614459226 -0.9376579234384123 -0.6366786625543396 -0.7157269061367806 -0.28701093442565845 0.0 0.0 0.0 0.0 0.0 0.0
40.27079573115019 41.60952187562575 6.994025162017617 0.6810555671217358 -0.34734658470652935 -0.6446034940839269 -0.6366786625543396 -0.7157269061367806 -0.28701093442565845 0.0 0.0 0.0 0.0 0.0 0.0
39.97302215784029 41.50413053279384 6.559388916390653 0.7637553671086839 -0.6366339507024356 -0.10665342013126 -0.6366786625543396 -0.7157269061367806 -0.28701093442565845 0.0 0.0 0.0 0.0 0.0 0.0
39.84934664449442 41.25361846086759 6.100441020288914 0.5562917338222632 -0.6840534348744485 0.471816071279366 -0.6366786625543396 -0.7157269061367806 -0.28701093442565845 0.0 0.0 0.0 0.0 0.0 0.0
39.852477849377074 40.84717638693794 5.74904361248102 0.13748357015496057 -0.47158958237412385 0.8710347488669166 -0.6366786625543396 -0.7157269061367806 -0.28701093442565845 0.0 0.0 0.0 0.0 0.0 0.0
39.886948438402484 40.33323545286752 5.5961986030844875 -0.3335569004169252 -0.0799609629725177 0.9393327624355322 -0.6366786625543396 -0.7157269061367806 -0.28701093442565845 0.0 0.0 0.0 0.0 0.0 0.0
39.84538472148247 39.801067414771545 5.657474526441281 -0.6778735277464428 0.3420461631383564 0.650762554748603 -0.6366786625543396 -0.7157269061367806 -0.28701093442565845 0.0 0.0 0.0 0.0 0.0 0.0
39.64929971258333 39.34686881032545 5.867091794629292 -0.7646546684440896 0.6341042331660871 0.1149567723429788 -0.6366786625543396 -0.7157269061367806 -0.28701093442565845 0.0 0.0 0.0 0.0 0.0 0.0
39.27891164795247 39.03721428578168 6.1029134626900055 -0.5609307162555301 0.6852555033566051 -0.46452300985048206 -0.6366786625543396 -0.7157269061367806 -0.28701093442565845 0.0 0.0 0.0 0.0 0.0 0.0
38.78065940890145 38.88376377478965 6.232847096039063 -0.14409980670004038 0.4760667509609013 -0.8675227341911852 -0.6366786625543396 -0.7157269061367806 -0.28701093442565845 0.0 0.0 0.0 0.0 0.0 0.0
38.24955961437905 38.83883269465861 6.1650288948325995 0.32747702864108463 0.08601228046353238 -0.9409360676060178 -0.6366786625543396 -0.7157269061367806 -0.28701093442565845 0.0 0.0 0.0 0.0 0.0 0.0
37.793108218839464 38.81350811656562 5.882724287408749 0.6746398656775188 -0.3367196934305739 -0.6568720573252049 -0.6366786625543396 -0.7157269061367806 -0.28701093442565845 0.0 0.0 0.0 0.0 0.0 0.0
37.49044100190864 38.711428273760234 5.450685673849108 0.765495738366013 -0.6315262261373475 -0.12325137015141019 -0.6366786625543396 -0.7157269061367806 -0.28701093442565845 0.0 0.0 0.0 0.0 0.0 0.0
37.36226856262471 38.46539200783583 4.990551906585344 0.5655269816430235 -0.6864053869791055 0.4571945731959244 -0.6366786625543396 -0.7157269061367806 -0.28701093442565845 0.0 0.0 0.0 0.0 0.0 0.0
37.36300801660064 38.06288961235177 4.634635656667238 0.1507050694869358 -0.48050766522142463 0.8639446543004946 -0.6366786625543396 -0.7157269061367806 -0.28701093442565845 0.0 0.0 0.0 0.0 0.0 0.0
37.398100695908056 37.55085547946128 4.475655617880987 -0.32137221822163325 -0.09205704778637869 0.9424677168519733 -0.6366786625543396 -0.7157269061367806 -0.28701093442565845 0.0 0.0 0.0 0.0 0.0 0.0
37.359936567959856 37.017836939631316 4.531511124805933 -0.671354827170848 0.33136758121447424 0.6629315365514583 -0.6366786625543396 -0.7157269061367806 -0.28701093442565845 0.0 0.0 0.0 0.0 0.0 0.0
37.16873708603386 36.560353650365684 4.738481896346954 -0.766278512823722 0.6289001259414353 0.13153658189081774 -0.6366786625543396 -0.7157269061367806 -0.28701093442565845 0.0 0.0 0.0 0.0 0.0 0.0
36.8028643929987 36.24622816459677 4.975436435868791 -0.5700801799613373 0.6875029981738618 -0.4498313194045167 -0.6366786625543396 -0.7157269061367806 -0.28701093442565845 0.0 0.0 0.0 0.0 0.0 0.0
36.30704190500376 36.08881900889391 5.1098519119784065 -0.15729885549931052 0.48491198696288107 -0.860300781679481 -0.6366786625543396 -0.7157269061367806 -0.28701093442565845 0.0 0.0 0.0 0.0 0.0 0.0
35.77536313794833 36.041945555877 5.048161797834781 0.315242934063522 0.09809480460862352 -0.9439275935323781 -0.6366786625543396 -0.7157269061367806 -0.28701093442565845 0.0 0.0 0.0 0.0 0.0 0.0
35.31554400763182 36.01743281665719 4.771303359044726 0.6680186623948332 -0.32599023407412264 -0.6689405309745593 -0.6366786625543396 -0.7157269061367806 -0.28701093442565845 0.0 0.0 0.0 0.0 0.0 0.0
35.00799975242745 35.918610593322896 4.341959905170777 0.7670029322059123 -0.6262261325660462 -0.13981177661024952 -0.6366786625543396 -0.7157269061367806 -0.28701093442565845 0.0 0.0 0.0 0.0 0.0 0.0
34.8752938397532 35.677040103365925 3.880746352419337 0.5745899644667926 -0.6885482533535305 0.44243380921654407 -0.6366786625543396 -0.7157269061367806 -0.28701093442565845 0.0 0.0 0.0 0.0 0.0 0.0
34.87356572755865 35.278515017391825 3.520385600400008 0.16388066259483233 -0.48927938077911665 0.8565913938231531 -0.6366786625543396 -0.7157269061367806 -0.28701093442565845 0.0 0.0 0.0 0.0 0.0 0.0
34.909194217559104 34.768458681173925 3.3552848835553535 -0.30908964293546853 -0.1041250911317072 0.9453155864719716 -0.6366786625543396 -0.7157269061367806 -0.28701093442565845 0.0 0.0 0.0 0.0 0.0 0.0
34.874365713726895 34.23466702715625 3.405668884391382 -0.6646316254113369 0.3205880615153245 0.6748985829863182 -0.6366786625543396 -0.7157269061367806 -0.28701093442565845 0.0 0.0 0.0 0.0 0.0 0.0
