t = 1000000
b = 50 50 50
E = -1.32328108441105 -1.32328108441105 0
-300.024326035084 232.565975810378 -277.989557368465 0.810227575166169 -0.438952908918593 -0.388396215471077 -0.155067628937455 0.478510260963362 -0.864281181449932 0 0 0 0 0 0
-300.917220866868 232.874093112648 -277.993956777293 -0.183055122917992 -0.756691978194659 0.627620962133462 -0.962479647942506 0.268018450670792 0.0424150609630337 0 0 0 0 0 0
-301.115575059193 232.817908979631 -278.53933214072 0.620731111114791 -0.26184484029884 -0.739006202479433 -0.550650443835197 -0.81657097001323 -0.1731933590983 0 0 0 0 0 0
-301.358744299709 232.606250787099 -278.94107262914 0.83905886460148 -0.493177021122842 -0.229688152872706 -0.543497588642084 -0.740995010680167 -0.394381497141206 0 0 0 0 0 0
-301.459826563033 232.489009788097 -279.38052189791 0.254268807909811 -0.708515181438351 0.65829599041427 -0.617802341150661 -0.642680576017706 -0.453080505515645 0 0 0 0 0 0
-302.576561672403 233.065968524122 -279.910254355945 -0.872970866419819 -0.0774837092679454 -0.481578800592709 0.46141485976214 0.188975584227011 -0.866824408837652 0 0 0 0 0 0
-302.499012982035 234.110530769705 -279.943393394739 -0.517262455015613 0.853146334904612 0.0676822271357135 0.854535941027574 0.510522592260891 0.0955772372656738 0 0 0 0 0 0
-302.17465656278 234.458294687829 -280.077988434009 -0.517909859535048 0.522304283322671 0.677471485022933 0.836514886780395 0.474870472439958 0.273387780632996 0 0 0 0 0 0
-301.857845927353 234.997637555618 -280.01280014831 -0.572216865663111 0.0590277563966972 0.817975294630258 0.646791518977068 0.645702122840693 0.40586882060385 0 0 0 0 0 0
-301.737831901072 235.460333061553 -279.777278315322 -0.23053360942289 -0.547992356921652 0.804088696402274 0.753073891915821 0.422835620463456 0.504073160743601 0 0 0 0 0 0
-301.69576979245 235.785498157009 -279.351326186674 0.267264871373522 -0.872121444269605 0.409845916137752 0.768775899310274 0.449411372118773 0.454986851733103 0 0 0 0 0 0
-301.504085154649 235.891934541623 -278.852740485345 0.470190149110431 -0.878867164690908 -0.0807076855551952 0.7349786850108 0.339296323428228 0.587098234955516 0 0 0 0 0 0
-301.321337996705 235.704822255123 -278.323583554828 0.635288393833289 -0.500050642808396 -0.58852188683823 0.663554516487393 -0.0364338190225842 0.747240242813924 0 0 0 0 0 0
-300.998305602163 235.445539939492 -277.992868907456 0.560199076199256 -0.100450021266858 -0.822244968517891 0.772271937473699 -0.295703568492014 0.562277026181675 0 0 0 0 0 0
-300.693744226218 235.047971977567 -277.979550901191 0.642847156074764 0.553070108860667 -0.529963195525348 0.764821471520432 -0.425169279497393 0.484023966837376 0 0 0 0 0 0
-300.389395939696 234.73469416109 -278.103423476817 0.576661611696326 0.801552769953525 0.158033359059498 0.72684424798851 -0.591671881769381 0.348743205653526 0 0 0 0 0 0
-299.970356538611 234.47446332843 -278.176724837034 0.256059172801803 0.777311127857972 0.574648684443134 0.689369819259785 -0.563569614598664 0.45514672556753 0 0 0 0 0 0
-299.489484947954 234.405207716091 -278.090120237484 -0.266638533689917 0.442203989022739 0.856364130755176 0.550584301998992 -0.659388556071172 0.511921535505841 0 0 0 0 0 0
-299.053350839272 234.255186777214 -277.813983220798 -0.605642644523228 0.214505447092369 0.766279583639427 0.548944761503137 -0.584518350157137 0.597493051966165 0 0 0 0 0 0
-298.768472229232 234.154385599574 -277.365828993233 -0.901540197529733 -0.293517315210497 0.317919577738887 0.430333991850191 -0.684875211269544 0.588012415214829 0 0 0 0 0 0
-298.724637365681 233.953216670435 -276.824905161634 -0.815539519677785 -0.536012235087566 -0.218142558159017 0.254711818923166 -0.670950953429578 0.696381150945941 0 0 0 0 0 0
-298.791895567207 233.584760225055 -276.410448194721 -0.618095357741941 -0.452031004532563 -0.643137698847723 -0.0659853410258332 -0.785412622453294 0.615445324347129 0 0 0 0 0 0
-299.010503849713 233.185606494039 -276.089885727326 -0.0431138012497024 -0.442094777554687 -0.895931586562653 0.189585380558555 -0.884091637163356 0.427129208292157 0 0 0 0 0 0
-299.207594232758 232.664752993646 -275.988007206243 0.373346360205307 -0.198126000619675 -0.906288355436559 0.0887417362370175 -0.964820696063921 0.247479148003161 0 0 0 0 0 0
-299.384153355736 232.192246673308 -276.100181975272 0.887444978459647 -0.0161729101212961 -0.460629837488808 0.128949047295757 -0.95076451536758 0.281813731956708 0 0 0 0 0 0
-299.321390476317 231.717642366668 -276.253029890341 0.954679265123111 0.227472139445797 0.19194771819417 0.213631660605824 -0.972737679156562 0.0902381357071579 0 0 0 0 0 0
-299.028222225014 231.137210149517 -276.3528530978 0.780073404307169 0.556258036697001 0.28646549618169 0.546111066294231 -0.828757131427514 0.122165135693521 0 0 0 0 0 0
-298.705654286974 230.916810841927 -276.592145430819 0.306225150880849 0.232534220971033 0.923121873343599 0.229708620173509 -0.959102586974606 0.165397029830045 0 0 0 0 0 0
-298.379854933623 230.497210469405 -276.475285202334 -0.273088894807588 0.240303027225976 0.931491766275367 0.301987918505624 -0.8979350534344 0.32018110014553 0 0 0 0 0 0
-298.026877333691 230.171270903606 -276.169807766295 -0.742895016554464 0.181382897931455 0.644365764699313 0.190186354621851 -0.865733286785101 0.462963310282702 0 0 0 0 0 0
-297.927616635999 229.827162144658 -275.760723797551 -0.998008167009011 0.0422577445194791 0.0468399574235534 -0.0149027616326884 -0.879403314936699 0.475844215446677 0 0 0 0 0 0
-297.984455056389 229.474589747344 -275.340761978711 -0.874325148193115 0.00470355574462923 -0.485317846159035 -0.230306881908579 -0.884220808817626 0.406340130185847 0 0 0 0 0 0
-298.345917821072 229.1937735056 -274.964405262751 -0.386658917719263 -0.142082459679786 -0.911212080692256 -0.379551235233888 -0.875983793718538 0.29764618756992 0 0 0 0 0 0
-298.845566921474 228.955957549361 -274.937968497136 0.34002633817069 -0.372417566211183 -0.863531844072684 -0.435547001016189 -0.876189684643293 0.206374529510041 0 0 0 0 0 0
-299.289147286276 228.542601401249 -275.032944925985 0.818833644251144 -0.234542944798931 -0.523928497113334 -0.177188189926622 -0.971420385566716 0.15794549647249 0 0 0 0 0 0
-299.530453681846 227.223410618379 -274.781547365161 -0.133092026414078 0.835333934925417 -0.533388910333739 -0.257450252264102 -0.548841158192493 -0.795294128409781 0 0 0 0 0 0
-299.25054843286 227.378063366276 -274.900789684222 0.134592235499097 -0.496984847652557 -0.857257832479307 0.604358161912757 0.726762915391153 -0.326445825431396 0 0 0 0 0 0
-298.907349639524 227.539202587625 -275.039479840764 -0.671924010722006 0.13455683356997 -0.728294296527768 0.555904078245554 0.741397679559858 -0.375899104193159 0 0 0 0 0 0
-298.631679763774 227.728364828507 -275.403608628396 -0.813450996197374 0.578895528691102 -0.0563688180375493 0.532137177323527 0.701601734276604 -0.473904031392656 0 0 0 0 0 0
-298.44813578749 228.107908916206 -275.748664931454 -0.655098175315654 0.476383640674971 0.586434146000522 0.287651658107078 0.874978382456874 -0.389447498157842 0 0 0 0 0 0
-298.456161337839 228.563626837132 -276.009079329757 -0.307074359597964 0.286188488706164 0.907635106532125 0.128451266702489 0.957449881623298 -0.258437606129717 0 0 0 0 0 0
-298.727698547335 229.0341590651 -276.15210330412 0.302101475473009 0.0531374095412788 0.951793630060778 -0.114210525810263 0.993270972796252 -0.0192023538799512 0 0 0 0 0 0
-298.974386265179 229.470082254116 -276.047713115576 0.800684993491698 -0.0422612388173159 0.597593113155452 0.00780767365319349 0.998160147591939 0.0601278636853545 0 0 0 0 0 0
-299.122752281776 229.862274023899 -275.776908264944 0.999194471200577 0.00373179930227715 0.0399560057584153 -0.00567143474503309 0.998805062737758 0.04854154382956 0 0 0 0 0 0
-299.045668237414 230.365263870588 -275.53141707389 0.83315010110085 -0.108589794824102 -0.542281444911868 0.243354251110606 0.952488284194825 0.183152332603206 0 0 0 0 0 0
-298.760682301567 230.837839462251 -275.404793561842 0.31142961126124 -0.288163022118798 -0.905523975338607 0.229671578833487 0.947487375112464 -0.222527840682073 0 0 0 0 0 0
-298.413296483099 231.237379045613 -275.505568798327 -0.275062463296485 -0.291521341952481 -0.916163712701772 0.176327143170634 0.921461590931979 -0.346146320243896 0 0 0 0 0 0
-298.135973155547 231.589554529817 -275.762624275403 -0.772241910852732 -0.311844340758181 -0.553530069878428 -0.0126492421582441 0.878624075179849 -0.47734655250371 0 0 0 0 0 0
-298.14523807635 232.035730850896 -276.160991639497 -0.977790984710237 -0.209438467132067 -0.00776651174949591 -0.181761732682821 0.865862514519895 -0.466095246147635 0 0 0 0 0 0
-298.331561720674 232.274917232951 -276.65108553768 -0.869321480974822 -0.090926261667362 0.485811257233652 -0.379888405762452 0.751710852145434 -0.539087742333332 0 0 0 0 0 0
-298.682704862456 232.4519323709 -277.055205189333 -0.460832643011065 0.121106432070128 0.879185138208489 -0.434034746646177 0.833335898216545 -0.342293907990506 0 0 0 0 0 0
-299.175101817225 232.622886407279 -277.143578177206 0.164899684293182 0.481143677500676 0.860992947544365 -0.325227551117916 0.850645555422577 -0.413072849547945 0 0 0 0 0 0
-299.510943689087 233.004927919428 -277.155092799259 0.662735028591674 0.440976292049696 0.605245563162337 -0.288911841048637 0.896221925264943 -0.336624729894115 0 0 0 0 0 0
-299.751586745659 233.453382580459 -277.055058693964 0.930959135105803 0.302255200455341 0.204833792526419 -0.248340180221582 0.935420834862674 -0.251624753536552 0 0 0 0 0 0
-299.860243481267 233.967779909521 -276.898487576372 0.882428338435654 0.12218750551529 -0.454302147278265 -0.276327233492616 0.916162977329558 -0.290325091924479 0 0 0 0 0 0
-299.748593183168 234.483526353487 -276.867590025403 0.44884390467075 -0.232177610593471 -0.862921031369048 -0.485481530247924 0.747361614794194 -0.453605886778764 0 0 0 0 0 0
-299.771588538839 235.027549565005 -277.121944244418 0.254739087118873 -0.582436472604636 -0.771929888573899 -0.475784910420544 0.619467359734935 -0.624410849712867 0 0 0 0 0 0
-299.763044702663 235.456633583038 -277.440517887798 -0.0357628080691014 -0.823201362785238 -0.566622041459331 -0.335035885378726 0.544048896128768 -0.769260524224117 0 0 0 0 0 0
-299.756456620085 235.674930041829 -278.018688298972 -0.371721080904849 -0.909031899309956 -0.188373151080153 -0.561266257732727 0.381690882830266 -0.734365207437657 0 0 0 0 0 0
-299.883880169719 235.711352062999 -278.569997866702 -0.697166698631807 -0.584617840627494 0.414946472136917 -0.651424246415848 0.274914067198185 -0.7071553625888 0 0 0 0 0 0
-300.204985506698 235.479658789532 -278.894296296726 -0.691991585379717 -0.179670236660023 0.699189710895546 -0.68134426354173 -0.157530946953585 -0.714810461094887 0 0 0 0 0 0
-300.555737518223 235.135772296 -279.031544300382 -0.644042058590325 0.441646813982275 0.62462622300544 -0.764939883558264 -0.381150172479924 -0.519222033970433 0 0 0 0 0 0
-300.946930354896 234.785908564028 -278.996031369548 -0.464954404591349 0.838498237363245 0.284144518845314 -0.885167453116576 -0.43403728991143 -0.167601345189875 0 0 0 0 0 0
-301.4824458086 234.679272224688 -278.910872666806 -0.0460167771661999 0.950228474677281 -0.308136823719148 -0.951985411904177 -0.135175482076671 -0.274684117791645 0 0 0 0 0 0
-302.012408403252 234.864370547055 -278.786716379636 0.181512680216531 0.572515026518564 -0.799549680339539 -0.906283117609482 -0.218207156869508 -0.36198970624448 0 0 0 0 0 0
-302.482682927889 234.973482410501 -278.995413726948 0.483753945471328 0.103119284396573 -0.869107895158284 -0.799742296060734 -0.351301274916093 -0.486826123101291 0 0 0 0 0 0
-302.855786183357 235.101192041008 -279.362982738644 0.668991236414604 -0.507929302460571 -0.542640349865707 -0.735076308768364 -0.344022128109467 -0.584218790915279 0 0 0 0 0 0
-303.146372897019 235.139496476425 -279.801950220287 0.500751552727686 -0.861546053921184 -0.0835839662474098 -0.789195328070552 -0.414757865162863 -0.452931172958053 0 0 0 0 0 0
-303.305794987469 234.977545535891 -280.212200092997 -0.0540244258701377 -0.581582582315316 0.811691481633786 -0.886110166122095 -0.34680488561592 -0.307465680699494 0 0 0 0 0 0
-303.358179886033 234.326585698697 -280.509731124815 0.809942932658975 -0.583257542685953 0.0616691554646443 0.217982021627982 0.201740584611893 -0.954874114617958 0 0 0 0 0 0
