t = 0
b = 133.8 133.8 133.8
E = 0 0 0
10 12.3 10 0.809450887590971 0.115585206558633 0.575698984368556 0.498617823304363 -0.653100937241026 -0.569946867750068 0 0 0 0 0 0
10 12.3 54.6 0.702277929182044 0.4945300252178 0.512099369597212 -0.346892221874721 -0.390447740194537 0.852769809843078 0 0 0 0 0 0
10 12.3 99.2 0.0595324767579479 0.947724350872226 0.31348754197716 -0.824786915441455 -0.13020102021016 0.550249251206037 0 0 0 0 0 0
10 56.9 10 0.31069858519205 0.371577365816668 0.874869504767656 0.948675993664269 -0.178351964855809 -0.26115978954882 0 0 0 0 0 0
10 56.9 54.6 0.552643924932891 0.586181729702313 0.592431997783689 0.208103908476936 -0.785387709653409 0.582974192226376 0 0 0 0 0 0
10 56.9 99.2 0.441527246591935 0.813642744250834 0.378205202561938 -0.0250112208929481 0.432514135599852 -0.901280179153939 0 0 0 0 0 0
10 101.5 10 0.0560512177328877 0.745246792505129 0.664428686355035 -0.178128688322888 -0.647334020188882 0.741099748146272 0 0 0 0 0 0
10 101.5 54.6 0.2436286972157 0.920152196639632 0.306537098753545 -0.0253903664499658 -0.30990106734537 0.950429722677977 0 0 0 0 0 0
10 101.5 99.2 0.875813019648946 0.218394665375582 0.430412970005415 0.323048209382172 0.397310913935735 -0.858943474323266 0 0 0 0 0 0
54.6 12.3 10 0.490710779057774 0.0138128449753927 0.871213025975966 0.77398562782034 -0.46613860112634 -0.428556941919662 0 0 0 0 0 0
54.6 12.3 54.6 0.325851402557547 0.708154008786139 0.626369510186599 0.942247297410786 -0.189014190272945 -0.276484477679188 0 0 0 0 0 0
54.6 12.3 99.2 0.565974787158119 0.452595849416538 0.689078759934047 0.646096300005179 -0.762676457260862 -0.0297353772405709 0 0 0 0 0 0
54.6 56.9 10 0.194501842456242 0.92159491296305 0.335904524652105 -0.265566590090725 -0.280180310096385 0.922482184143346 0 0 0 0 0 0
54.6 56.9 54.6 0.269787238895462 0.885724104587574 0.377766669098405 -0.679438169302976 -0.102895461032277 0.726482138936103 0 0 0 0 0 0
54.6 56.9 99.2 0.995512390894082 0.0630417789247332 0.0705748799953256 0.0378826534029043 0.417933606628796 -0.907687393887016 0 0 0 0 0 0
54.6 101.5 10 0.354318992801163 0.179256555862483 0.91778272947397 0.806860568206887 -0.55471151735912 -0.203153035867056 0 0 0 0 0 0
54.6 101.5 54.6 0.646909258125871 0.511777751581725 0.565324636591215 -0.536230090754913 0.832391813060889 -0.13993269567254 0 0 0 0 0 0
54.6 101.5 99.2 0.133225991268999 0.2442058732379 0.960528149887606 -0.386253101986085 -0.879742194056977 0.277240352766228 0 0 0 0 0 0
99.2 12.3 10 0.543361209425724 0.496258639124224 0.677115912666352 0.668501610692802 -0.743661186345504 0.0085811668394554 0 0 0 0 0 0
99.2 12.3 54.6 0.952925877214288 0.220783132625843 0.207815016019773 -0.00601367273892097 0.699025808111733 -0.715071154035686 0 0 0 0 0 0
99.2 12.3 99.2 0.881633764360483 0.456545432036543 0.119533150322959 -0.460134968138588 0.887844711648312 0.0027530154788577 0 0 0 0 0 0
99.2 56.9 10 0.271245337417525 0.473784790207432 0.837826914999365 0.321279885905545 -0.865103291484635 0.385195443865799 0 0 0 0 0 0
99.2 56.9 54.6 0.619698719800132 0.037254685521511 0.78395509124233 0.66276513899527 -0.55985663041453 -0.497295610189219 0 0 0 0 0 0
99.2 56.9 99.2 0.368610729947866 0.925912568693651 0.0825351131484488 -0.389955178817075 0.0734221753045463 0.917902033273318 0 0 0 0 0 0
99.2 101.5 10 0.423180972960543 0.886627222668204 0.186574468102779 -0.837643470225438 0.461339381212029 -0.292436988309599 0 0 0 0 0 0
99.2 101.5 54.6 0.670243685123416 0.709903009152725 0.216358776452653 -0.524146334250013 0.659196121338143 -0.539194857083247 0 0 0 0 0 0
0 0 22 1 0 0 0 0 1 0 0 0 0 0 0
2 0 22 1 0 0 0 0 1 0 0 0 0 0 0
4 0 22 1 0 0 0 0 1 0 0 0 0 0 0
6 0 22 1 0 0 0 0 1 0 0 0 0 0 0
8 0 22 1 0 0 0 0 1 0 0 0 0 0 0
0 4 22 1 0 0 0 0 1 0 0 0 0 0 0
2 4 22 1 0 0 0 0 1 0 0 0 0 0 0
4 4 22 1 0 0 0 0 1 0 0 0 0 0 0
6 4 22 1 0 0 0 0 1 0 0 0 0 0 0
8 4 22 1 0 0 0 0 1 0 0 0 0 0 0
0 8 22 1 0 0 0 0 1 0 0 0 0 0 0
2 8 22 1 0 0 0 0 1 0 0 0 0 0 0
4 8 22 1 0 0 0 0 1 0 0 0 0 0 0
6 8 22 1 0 0 0 0 1 0 0 0 0 0 0
8 8 22 1 0 0 0 0 1 0 0 0 0 0 0
0 12 22 1 0 0 0 0 1 0 0 0 0 0 0
2 12 22 1 0 0 0 0 1 0 0 0 0 0 0
4 12 22 1 0 0 0 0 1 0 0 0 0 0 0
6 12 22 1 0 0 0 0 1 0 0 0 0 0 0
8 12 22 1 0 0 0 0 1 0 0 0 0 0 0
0 16 22 1 0 0 0 0 1 0 0 0 0 0 0
2 16 22 1 0 0 0 0 1 0 0 0 0 0 0
4 16 22 1 0 0 0 0 1 0 0 0 0 0 0
6 16 22 1 0 0 0 0 1 0 0 0 0 0 0
8 16 22 1 0 0 0 0 1 0 0 0 0 0 0
0 20 22 1 0 0 0 0 1 0 0 0 0 0 0
2 20 22 1 0 0 0 0 1 0 0 0 0 0 0
4 20 22 1 0 0 0 0 1 0 0 0 0 0 0
6 20 22 1 0 0 0 0 1 0 0 0 0 0 0
8 20 22 1 0 0 0 0 1 0 0 0 0 0 0
0 24 22 1 0 0 0 0 1 0 0 0 0 0 0
2 24 22 1 0 0 0 0 1 0 0 0 0 0 0
4 24 22 1 0 0 0 0 1 0 0 0 0 0 0
6 24 22 1 0 0 0 0 1 0 0 0 0 0 0
8 24 22 1 0 0 0 0 1 0 0 0 0 0 0
0 28 22 1 0 0 0 0 1 0 0 0 0 0 0
2 28 22 1 0 0 0 0 1 0 0 0 0 0 0
4 28 22 1 0 0 0 0 1 0 0 0 0 0 0
6 28 22 1 0 0 0 0 1 0 0 0 0 0 0
8 28 22 1 0 0 0 0 1 0 0 0 0 0 0
0 32 22 1 0 0 0 0 1 0 0 0 0 0 0
2 32 22 1 0 0 0 0 1 0 0 0 0 0 0
4 32 22 1 0 0 0 0 1 0 0 0 0 0 0
6 32 22 1 0 0 0 0 1 0 0 0 0 0 0
8 32 22 1 0 0 0 0 1 0 0 0 0 0 0
0 36 22 1 0 0 0 0 1 0 0 0 0 0 0
2 36 22 1 0 0 0 0 1 0 0 0 0 0 0
4 36 22 1 0 0 0 0 1 0 0 0 0 0 0
6 36 22 1 0 0 0 0 1 0 0 0 0 0 0
8 36 22 1 0 0 0 0 1 0 0 0 0 0 0
0 40 22 1 0 0 0 0 1 0 0 0 0 0 0
2 40 22 1 0 0 0 0 1 0 0 0 0 0 0
4 40 22 1 0 0 0 0 1 0 0 0 0 0 0
6 40 22 1 0 0 0 0 1 0 0 0 0 0 0
8 40 22 1 0 0 0 0 1 0 0 0 0 0 0
0 44 22 1 0 0 0 0 1 0 0 0 0 0 0
2 44 22 1 0 0 0 0 1 0 0 0 0 0 0
4 44 22 1 0 0 0 0 1 0 0 0 0 0 0
6 44 22 1 0 0 0 0 1 0 0 0 0 0 0
8 44 22 1 0 0 0 0 1 0 0 0 0 0 0
0 48 22 1 0 0 0 0 1 0 0 0 0 0 0
2 48 22 1 0 0 0 0 1 0 0 0 0 0 0
4 48 22 1 0 0 0 0 1 0 0 0 0 0 0
6 48 22 1 0 0 0 0 1 0 0 0 0 0 0
8 48 22 1 0 0 0 0 1 0 0 0 0 0 0
0 52 22 1 0 0 0 0 1 0 0 0 0 0 0
2 52 22 1 0 0 0 0 1 0 0 0 0 0 0
4 52 22 1 0 0 0 0 1 0 0 0 0 0 0
6 52 22 1 0 0 0 0 1 0 0 0 0 0 0
8 52 22 1 0 0 0 0 1 0 0 0 0 0 0
0 56 22 1 0 0 0 0 1 0 0 0 0 0 0
2 56 22 1 0 0 0 0 1 0 0 0 0 0 0
4 56 22 1 0 0 0 0 1 0 0 0 0 0 0
6 56 22 1 0 0 0 0 1 0 0 0 0 0 0
8 56 22 1 0 0 0 0 1 0 0 0 0 0 0
0 60 22 1 0 0 0 0 1 0 0 0 0 0 0
2 60 22 1 0 0 0 0 1 0 0 0 0 0 0
4 60 22 1 0 0 0 0 1 0 0 0 0 0 0
6 60 22 1 0 0 0 0 1 0 0 0 0 0 0
8 60 22 1 0 0 0 0 1 0 0 0 0 0 0
0 64 22 1 0 0 0 0 1 0 0 0 0 0 0
2 64 22 1 0 0 0 0 1 0 0 0 0 0 0
4 64 22 1 0 0 0 0 1 0 0 0 0 0 0
6 64 22 1 0 0 0 0 1 0 0 0 0 0 0
8 64 22 1 0 0 0 0 1 0 0 0 0 0 0
0 68 22 1 0 0 0 0 1 0 0 0 0 0 0
2 68 22 1 0 0 0 0 1 0 0 0 0 0 0
4 68 22 1 0 0 0 0 1 0 0 0 0 0 0
6 68 22 1 0 0 0 0 1 0 0 0 0 0 0
8 68 22 1 0 0 0 0 1 0 0 0 0 0 0
0 72 22 1 0 0 0 0 1 0 0 0 0 0 0
2 72 22 1 0 0 0 0 1 0 0 0 0 0 0
4 72 22 1 0 0 0 0 1 0 0 0 0 0 0
6 72 22 1 0 0 0 0 1 0 0 0 0 0 0
8 72 22 1 0 0 0 0 1 0 0 0 0 0 0
0 76 22 1 0 0 0 0 1 0 0 0 0 0 0
2 76 22 1 0 0 0 0 1 0 0 0 0 0 0
4 76 22 1 0 0 0 0 1 0 0 0 0 0 0
6 76 22 1 0 0 0 0 1 0 0 0 0 0 0
8 76 22 1 0 0 0 0 1 0 0 0 0 0 0
0 80 22 1 0 0 0 0 1 0 0 0 0 0 0
2 80 22 1 0 0 0 0 1 0 0 0 0 0 0
4 80 22 1 0 0 0 0 1 0 0 0 0 0 0
6 80 22 1 0 0 0 0 1 0 0 0 0 0 0
8 80 22 1 0 0 0 0 1 0 0 0 0 0 0
0 84 22 1 0 0 0 0 1 0 0 0 0 0 0
2 84 22 1 0 0 0 0 1 0 0 0 0 0 0
4 84 22 1 0 0 0 0 1 0 0 0 0 0 0
6 84 22 1 0 0 0 0 1 0 0 0 0 0 0
8 84 22 1 0 0 0 0 1 0 0 0 0 0 0
0 88 22 1 0 0 0 0 1 0 0 0 0 0 0
2 88 22 1 0 0 0 0 1 0 0 0 0 0 0
4 88 22 1 0 0 0 0 1 0 0 0 0 0 0
6 88 22 1 0 0 0 0 1 0 0 0 0 0 0
8 88 22 1 0 0 0 0 1 0 0 0 0 0 0
0 92 22 1 0 0 0 0 1 0 0 0 0 0 0
2 92 22 1 0 0 0 0 1 0 0 0 0 0 0
4 92 22 1 0 0 0 0 1 0 0 0 0 0 0
6 92 22 1 0 0 0 0 1 0 0 0 0 0 0
8 92 22 1 0 0 0 0 1 0 0 0 0 0 0
0 96 22 1 0 0 0 0 1 0 0 0 0 0 0
2 96 22 1 0 0 0 0 1 0 0 0 0 0 0
4 96 22 1 0 0 0 0 1 0 0 0 0 0 0
6 96 22 1 0 0 0 0 1 0 0 0 0 0 0
8 96 22 1 0 0 0 0 1 0 0 0 0 0 0
0 100 22 1 0 0 0 0 1 0 0 0 0 0 0
2 100 22 1 0 0 0 0 1 0 0 0 0 0 0
4 100 22 1 0 0 0 0 1 0 0 0 0 0 0
6 100 22 1 0 0 0 0 1 0 0 0 0 0 0
8 100 22 1 0 0 0 0 1 0 0 0 0 0 0
0 104 22 1 0 0 0 0 1 0 0 0 0 0 0
2 104 22 1 0 0 0 0 1 0 0 0 0 0 0
4 104 22 1 0 0 0 0 1 0 0 0 0 0 0
6 104 22 1 0 0 0 0 1 0 0 0 0 0 0
8 104 22 1 0 0 0 0 1 0 0 0 0 0 0
0 108 22 1 0 0 0 0 1 0 0 0 0 0 0
2 108 22 1 0 0 0 0 1 0 0 0 0 0 0
4 108 22 1 0 0 0 0 1 0 0 0 0 0 0
6 108 22 1 0 0 0 0 1 0 0 0 0 0 0
8 108 22 1 0 0 0 0 1 0 0 0 0 0 0
0 112 22 1 0 0 0 0 1 0 0 0 0 0 0
2 112 22 1 0 0 0 0 1 0 0 0 0 0 0
4 112 22 1 0 0 0 0 1 0 0 0 0 0 0
6 112 22 1 0 0 0 0 1 0 0 0 0 0 0
8 112 22 1 0 0 0 0 1 0 0 0 0 0 0
0 116 22 1 0 0 0 0 1 0 0 0 0 0 0
2 116 22 1 0 0 0 0 1 0 0 0 0 0 0
4 116 22 1 0 0 0 0 1 0 0 0 0 0 0
6 116 22 1 0 0 0 0 1 0 0 0 0 0 0
8 116 22 1 0 0 0 0 1 0 0 0 0 0 0
0 120 22 1 0 0 0 0 1 0 0 0 0 0 0
2 120 22 1 0 0 0 0 1 0 0 0 0 0 0
4 120 22 1 0 0 0 0 1 0 0 0 0 0 0
6 120 22 1 0 0 0 0 1 0 0 0 0 0 0
8 120 22 1 0 0 0 0 1 0 0 0 0 0 0
0 124 22 1 0 0 0 0 1 0 0 0 0 0 0
2 124 22 1 0 0 0 0 1 0 0 0 0 0 0
4 124 22 1 0 0 0 0 1 0 0 0 0 0 0
6 124 22 1 0 0 0 0 1 0 0 0 0 0 0
8 124 22 1 0 0 0 0 1 0 0 0 0 0 0
0 128 22 1 0 0 0 0 1 0 0 0 0 0 0
2 128 22 1 0 0 0 0 1 0 0 0 0 0 0
4 128 22 1 0 0 0 0 1 0 0 0 0 0 0
6 128 22 1 0 0 0 0 1 0 0 0 0 0 0
8 128 22 1 0 0 0 0 1 0 0 0 0 0 0
15 0 22 1 0 0 0 0 1 0 0 0 0 0 0
17 0 22 1 0 0 0 0 1 0 0 0 0 0 0
19 0 22 1 0 0 0 0 1 0 0 0 0 0 0
21 0 22 1 0 0 0 0 1 0 0 0 0 0 0
23 0 22 1 0 0 0 0 1 0 0 0 0 0 0
15 4 22 1 0 0 0 0 1 0 0 0 0 0 0
17 4 22 1 0 0 0 0 1 0 0 0 0 0 0
19 4 22 1 0 0 0 0 1 0 0 0 0 0 0
21 4 22 1 0 0 0 0 1 0 0 0 0 0 0
23 4 22 1 0 0 0 0 1 0 0 0 0 0 0
15 8 22 1 0 0 0 0 1 0 0 0 0 0 0
17 8 22 1 0 0 0 0 1 0 0 0 0 0 0
19 8 22 1 0 0 0 0 1 0 0 0 0 0 0
21 8 22 1 0 0 0 0 1 0 0 0 0 0 0
23 8 22 1 0 0 0 0 1 0 0 0 0 0 0
15 12 22 1 0 0 0 0 1 0 0 0 0 0 0
17 12 22 1 0 0 0 0 1 0 0 0 0 0 0
19 12 22 1 0 0 0 0 1 0 0 0 0 0 0
21 12 22 1 0 0 0 0 1 0 0 0 0 0 0
23 12 22 1 0 0 0 0 1 0 0 0 0 0 0
15 16 22 1 0 0 0 0 1 0 0 0 0 0 0
17 16 22 1 0 0 0 0 1 0 0 0 0 0 0
19 16 22 1 0 0 0 0 1 0 0 0 0 0 0
21 16 22 1 0 0 0 0 1 0 0 0 0 0 0
23 16 22 1 0 0 0 0 1 0 0 0 0 0 0
15 20 22 1 0 0 0 0 1 0 0 0 0 0 0
17 20 22 1 0 0 0 0 1 0 0 0 0 0 0
19 20 22 1 0 0 0 0 1 0 0 0 0 0 0
21 20 22 1 0 0 0 0 1 0 0 0 0 0 0
23 20 22 1 0 0 0 0 1 0 0 0 0 0 0
15 24 22 1 0 0 0 0 1 0 0 0 0 0 0
17 24 22 1 0 0 0 0 1 0 0 0 0 0 0
19 24 22 1 0 0 0 0 1 0 0 0 0 0 0
21 24 22 1 0 0 0 0 1 0 0 0 0 0 0
23 24 22 1 0 0 0 0 1 0 0 0 0 0 0
15 28 22 1 0 0 0 0 1 0 0 0 0 0 0
17 28 22 1 0 0 0 0 1 0 0 0 0 0 0
19 28 22 1 0 0 0 0 1 0 0 0 0 0 0
21 28 22 1 0 0 0 0 1 0 0 0 0 0 0
23 28 22 1 0 0 0 0 1 0 0 0 0 0 0
15 32 22 1 0 0 0 0 1 0 0 0 0 0 0
17 32 22 1 0 0 0 0 1 0 0 0 0 0 0
19 32 22 1 0 0 0 0 1 0 0 0 0 0 0
21 32 22 1 0 0 0 0 1 0 0 0 0 0 0
23 32 22 1 0 0 0 0 1 0 0 0 0 0 0
15 36 22 1 0 0 0 0 1 0 0 0 0 0 0
17 36 22 1 0 0 0 0 1 0 0 0 0 0 0
19 36 22 1 0 0 0 0 1 0 0 0 0 0 0
21 36 22 1 0 0 0 0 1 0 0 0 0 0 0
23 36 22 1 0 0 0 0 1 0 0 0 0 0 0
15 40 22 1 0 0 0 0 1 0 0 0 0 0 0
17 40 22 1 0 0 0 0 1 0 0 0 0 0 0
19 40 22 1 0 0 0 0 1 0 0 0 0 0 0
21 40 22 1 0 0 0 0 1 0 0 0 0 0 0
23 40 22 1 0 0 0 0 1 0 0 0 0 0 0
15 44 22 1 0 0 0 0 1 0 0 0 0 0 0
17 44 22 1 0 0 0 0 1 0 0 0 0 0 0
19 44 22 1 0 0 0 0 1 0 0 0 0 0 0
21 44 22 1 0 0 0 0 1 0 0 0 0 0 0
23 44 22 1 0 0 0 0 1 0 0 0 0 0 0
15 48 22 1 0 0 0 0 1 0 0 0 0 0 0
17 48 22 1 0 0 0 0 1 0 0 0 0 0 0
19 48 22 1 0 0 0 0 1 0 0 0 0 0 0
21 48 22 1 0 0 0 0 1 0 0 0 0 0 0
23 48 22 1 0 0 0 0 1 0 0 0 0 0 0
15 52 22 1 0 0 0 0 1 0 0 0 0 0 0
17 52 22 1 0 0 0 0 1 0 0 0 0 0 0
19 52 22 1 0 0 0 0 1 0 0 0 0 0 0
21 52 22 1 0 0 0 0 1 0 0 0 0 0 0
23 52 22 1 0 0 0 0 1 0 0 0 0 0 0
15 56 22 1 0 0 0 0 1 0 0 0 0 0 0
17 56 22 1 0 0 0 0 1 0 0 0 0 0 0
19 56 22 1 0 0 0 0 1 0 0 0 0 0 0
21 56 22 1 0 0 0 0 1 0 0 0 0 0 0
23 56 22 1 0 0 0 0 1 0 0 0 0 0 0
15 60 22 1 0 0 0 0 1 0 0 0 0 0 0
17 60 22 1 0 0 0 0 1 0 0 0 0 0 0
19 60 22 1 0 0 0 0 1 0 0 0 0 0 0
21 60 22 1 0 0 0 0 1 0 0 0 0 0 0
23 60 22 1 0 0 0 0 1 0 0 0 0 0 0
15 64 22 1 0 0 0 0 1 0 0 0 0 0 0
17 64 22 1 0 0 0 0 1 0 0 0 0 0 0
19 64 22 1 0 0 0 0 1 0 0 0 0 0 0
21 64 22 1 0 0 0 0 1 0 0 0 0 0 0
23 64 22 1 0 0 0 0 1 0 0 0 0 0 0
15 68 22 1 0 0 0 0 1 0 0 0 0 0 0
17 68 22 1 0 0 0 0 1 0 0 0 0 0 0
19 68 22 1 0 0 0 0 1 0 0 0 0 0 0
21 68 22 1 0 0 0 0 1 0 0 0 0 0 0
23 68 22 1 0 0 0 0 1 0 0 0 0 0 0
15 72 22 1 0 0 0 0 1 0 0 0 0 0 0
17 72 22 1 0 0 0 0 1 0 0 0 0 0 0
19 72 22 1 0 0 0 0 1 0 0 0 0 0 0
21 72 22 1 0 0 0 0 1 0 0 0 0 0 0
23 72 22 1 0 0 0 0 1 0 0 0 0 0 0
15 76 22 1 0 0 0 0 1 0 0 0 0 0 0
17 76 22 1 0 0 0 0 1 0 0 0 0 0 0
19 76 22 1 0 0 0 0 1 0 0 0 0 0 0
21 76 22 1 0 0 0 0 1 0 0 0 0 0 0
23 76 22 1 0 0 0 0 1 0 0 0 0 0 0
15 80 22 1 0 0 0 0 1 0 0 0 0 0 0
17 80 22 1 0 0 0 0 1 0 0 0 0 0 0
19 80 22 1 0 0 0 0 1 0 0 0 0 0 0
21 80 22 1 0 0 0 0 1 0 0 0 0 0 0
23 80 22 1 0 0 0 0 1 0 0 0 0 0 0
15 84 22 1 0 0 0 0 1 0 0 0 0 0 0
17 84 22 1 0 0 0 0 1 0 0 0 0 0 0
19 84 22 1 0 0 0 0 1 0 0 0 0 0 0
21 84 22 1 0 0 0 0 1 0 0 0 0 0 0
23 84 22 1 0 0 0 0 1 0 0 0 0 0 0
15 88 22 1 0 0 0 0 1 0 0 0 0 0 0
17 88 22 1 0 0 0 0 1 0 0 0 0 0 0
19 88 22 1 0 0 0 0 1 0 0 0 0 0 0
21 88 22 1 0 0 0 0 1 0 0 0 0 0 0
23 88 22 1 0 0 0 0 1 0 0 0 0 0 0
15 92 22 1 0 0 0 0 1 0 0 0 0 0 0
17 92 22 1 0 0 0 0 1 0 0 0 0 0 0
19 92 22 1 0 0 0 0 1 0 0 0 0 0 0
21 92 22 1 0 0 0 0 1 0 0 0 0 0 0
23 92 22 1 0 0 0 0 1 0 0 0 0 0 0
15 96 22 1 0 0 0 0 1 0 0 0 0 0 0
17 96 22 1 0 0 0 0 1 0 0 0 0 0 0
19 96 22 1 0 0 0 0 1 0 0 0 0 0 0
21 96 22 1 0 0 0 0 1 0 0 0 0 0 0
23 96 22 1 0 0 0 0 1 0 0 0 0 0 0
15 100 22 1 0 0 0 0 1 0 0 0 0 0 0
17 100 22 1 0 0 0 0 1 0 0 0 0 0 0
19 100 22 1 0 0 0 0 1 0 0 0 0 0 0
21 100 22 1 0 0 0 0 1 0 0 0 0 0 0
23 100 22 1 0 0 0 0 1 0 0 0 0 0 0
15 104 22 1 0 0 0 0 1 0 0 0 0 0 0
17 104 22 1 0 0 0 0 1 0 0 0 0 0 0
19 104 22 1 0 0 0 0 1 0 0 0 0 0 0
21 104 22 1 0 0 0 0 1 0 0 0 0 0 0
23 104 22 1 0 0 0 0 1 0 0 0 0 0 0
15 108 22 1 0 0 0 0 1 0 0 0 0 0 0
17 108 22 1 0 0 0 0 1 0 0 0 0 0 0
19 108 22 1 0 0 0 0 1 0 0 0 0 0 0
21 108 22 1 0 0 0 0 1 0 0 0 0 0 0
23 108 22 1 0 0 0 0 1 0 0 0 0 0 0
15 112 22 1 0 0 0 0 1 0 0 0 0 0 0
17 112 22 1 0 0 0 0 1 0 0 0 0 0 0
19 112 22 1 0 0 0 0 1 0 0 0 0 0 0
21 112 22 1 0 0 0 0 1 0 0 0 0 0 0
23 112 22 1 0 0 0 0 1 0 0 0 0 0 0
15 116 22 1 0 0 0 0 1 0 0 0 0 0 0
17 116 22 1 0 0 0 0 1 0 0 0 0 0 0
19 116 22 1 0 0 0 0 1 0 0 0 0 0 0
21 116 22 1 0 0 0 0 1 0 0 0 0 0 0
23 116 22 1 0 0 0 0 1 0 0 0 0 0 0
15 120 22 1 0 0 0 0 1 0 0 0 0 0 0
17 120 22 1 0 0 0 0 1 0 0 0 0 0 0
19 120 22 1 0 0 0 0 1 0 0 0 0 0 0
21 120 22 1 0 0 0 0 1 0 0 0 0 0 0
23 120 22 1 0 0 0 0 1 0 0 0 0 0 0
15 124 22 1 0 0 0 0 1 0 0 0 0 0 0
17 124 22 1 0 0 0 0 1 0 0 0 0 0 0
19 124 22 1 0 0 0 0 1 0 0 0 0 0 0
21 124 22 1 0 0 0 0 1 0 0 0 0 0 0
23 124 22 1 0 0 0 0 1 0 0 0 0 0 0
15 128 22 1 0 0 0 0 1 0 0 0 0 0 0
17 128 22 1 0 0 0 0 1 0 0 0 0 0 0
19 128 22 1 0 0 0 0 1 0 0 0 0 0 0
21 128 22 1 0 0 0 0 1 0 0 0 0 0 0
23 128 22 1 0 0 0 0 1 0 0 0 0 0 0
30 0 22 1 0 0 0 0 1 0 0 0 0 0 0
32 0 22 1 0 0 0 0 1 0 0 0 0 0 0
34 0 22 1 0 0 0 0 1 0 0 0 0 0 0
36 0 22 1 0 0 0 0 1 0 0 0 0 0 0
38 0 22 1 0 0 0 0 1 0 0 0 0 0 0
30 4 22 1 0 0 0 0 1 0 0 0 0 0 0
32 4 22 1 0 0 0 0 1 0 0 0 0 0 0
34 4 22 1 0 0 0 0 1 0 0 0 0 0 0
36 4 22 1 0 0 0 0 1 0 0 0 0 0 0
38 4 22 1 0 0 0 0 1 0 0 0 0 0 0
30 8 22 1 0 0 0 0 1 0 0 0 0 0 0
32 8 22 1 0 0 0 0 1 0 0 0 0 0 0
34 8 22 1 0 0 0 0 1 0 0 0 0 0 0
36 8 22 1 0 0 0 0 1 0 0 0 0 0 0
38 8 22 1 0 0 0 0 1 0 0 0 0 0 0
30 12 22 1 0 0 0 0 1 0 0 0 0 0 0
32 12 22 1 0 0 0 0 1 0 0 0 0 0 0
34 12 22 1 0 0 0 0 1 0 0 0 0 0 0
36 12 22 1 0 0 0 0 1 0 0 0 0 0 0
38 12 22 1 0 0 0 0 1 0 0 0 0 0 0
30 16 22 1 0 0 0 0 1 0 0 0 0 0 0
32 16 22 1 0 0 0 0 1 0 0 0 0 0 0
34 16 22 1 0 0 0 0 1 0 0 0 0 0 0
36 16 22 1 0 0 0 0 1 0 0 0 0 0 0
38 16 22 1 0 0 0 0 1 0 0 0 0 0 0
30 20 22 1 0 0 0 0 1 0 0 0 0 0 0
32 20 22 1 0 0 0 0 1 0 0 0 0 0 0
34 20 22 1 0 0 0 0 1 0 0 0 0 0 0
36 20 22 1 0 0 0 0 1 0 0 0 0 0 0
38 20 22 1 0 0 0 0 1 0 0 0 0 0 0
30 24 22 1 0 0 0 0 1 0 0 0 0 0 0
32 24 22 1 0 0 0 0 1 0 0 0 0 0 0
34 24 22 1 0 0 0 0 1 0 0 0 0 0 0
36 24 22 1 0 0 0 0 1 0 0 0 0 0 0
38 24 22 1 0 0 0 0 1 0 0 0 0 0 0
30 28 22 1 0 0 0 0 1 0 0 0 0 0 0
32 28 22 1 0 0 0 0 1 0 0 0 0 0 0
34 28 22 1 0 0 0 0 1 0 0 0 0 0 0
36 28 22 1 0 0 0 0 1 0 0 0 0 0 0
38 28 22 1 0 0 0 0 1 0 0 0 0 0 0
30 32 22 1 0 0 0 0 1 0 0 0 0 0 0
32 32 22 1 0 0 0 0 1 0 0 0 0 0 0
34 32 22 1 0 0 0 0 1 0 0 0 0 0 0
36 32 22 1 0 0 0 0 1 0 0 0 0 0 0
38 32 22 1 0 0 0 0 1 0 0 0 0 0 0
30 36 22 1 0 0 0 0 1 0 0 0 0 0 0
32 36 22 1 0 0 0 0 1 0 0 0 0 0 0
34 36 22 1 0 0 0 0 1 0 0 0 0 0 0
36 36 22 1 0 0 0 0 1 0 0 0 0 0 0
38 36 22 1 0 0 0 0 1 0 0 0 0 0 0
30 40 22 1 0 0 0 0 1 0 0 0 0 0 0
32 40 22 1 0 0 0 0 1 0 0 0 0 0 0
34 40 22 1 0 0 0 0 1 0 0 0 0 0 0
36 40 22 1 0 0 0 0 1 0 0 0 0 0 0
38 40 22 1 0 0 0 0 1 0 0 0 0 0 0
30 44 22 1 0 0 0 0 1 0 0 0 0 0 0
32 44 22 1 0 0 0 0 1 0 0 0 0 0 0
34 44 22 1 0 0 0 0 1 0 0 0 0 0 0
36 44 22 1 0 0 0 0 1 0 0 0 0 0 0
38 44 22 1 0 0 0 0 1 0 0 0 0 0 0
