t = 0
b = 40 40 40
E = 0 0 0
0 0 0 1 0 0 0 0 1 0 0 0 0 0 0
0 5.78305327711806 9.35715206641498 1 0 0 0 0 1 0 0 0 0 0 0
0 6.83451750932134 11.0584524421268 1 0 0 0 0 1 0 0 0 0 0 0
0 7.88598174152463 12.7597528178386 1 0 0 0 0 1 0 0 0 0 0 0
0 8.93744597372791 14.4610531935504 1 0 0 0 0 1 0 0 0 0 0 0
0 9.98891020593119 16.1623535692622 1 0 0 0 0 1 0 0 0 0 0 0
0 -5.78305327711806 9.35715206641498 1 0 0 0 0 1 0 0 0 0 0 0
0 -6.83451750932134 11.0584524421268 1 0 0 0 0 1 0 0 0 0 0 0
0 -7.88598174152463 12.7597528178386 1 0 0 0 0 1 0 0 0 0 0 0
0 -8.93744597372791 14.4610531935504 1 0 0 0 0 1 0 0 0 0 0 0
0 -9.98891020593119 16.1623535692622 1 0 0 0 0 1 0 0 0 0 0 0
9.35715206641498 0 5.78305327711806 1 0 0 0 0 1 0 0 0 0 0 0
11.0584524421268 0 6.83451750932134 1 0 0 0 0 1 0 0 0 0 0 0
12.7597528178386 0 7.88598174152463 1 0 0 0 0 1 0 0 0 0 0 0
14.4610531935504 0 8.93744597372791 1 0 0 0 0 1 0 0 0 0 0 0
16.1623535692622 0 9.98891020593119 1 0 0 0 0 1 0 0 0 0 0 0
0 -5.78305327711806 -9.35715206641498 1 0 0 0 0 1 0 0 0 0 0 0
0 -6.83451750932134 -11.0584524421268 1 0 0 0 0 1 0 0 0 0 0 0
0 -7.88598174152463 -12.7597528178386 1 0 0 0 0 1 0 0 0 0 0 0
0 -8.93744597372791 -14.4610531935504 1 0 0 0 0 1 0 0 0 0 0 0
0 -9.98891020593119 -16.1623535692622 1 0 0 0 0 1 0 0 0 0 0 0
0 5.78305327711806 -9.35715206641498 1 0 0 0 0 1 0 0 0 0 0 0
0 6.83451750932134 -11.0584524421268 1 0 0 0 0 1 0 0 0 0 0 0
0 7.88598174152463 -12.7597528178386 1 0 0 0 0 1 0 0 0 0 0 0
0 8.93744597372791 -14.4610531935504 1 0 0 0 0 1 0 0 0 0 0 0
0 9.98891020593119 -16.1623535692622 1 0 0 0 0 1 0 0 0 0 0 0
-9.35715206641498 0 -5.78305327711806 1 0 0 0 0 1 0 0 0 0 0 0
-11.0584524421268 0 -6.83451750932134 1 0 0 0 0 1 0 0 0 0 0 0
-12.7597528178386 0 -7.88598174152463 1 0 0 0 0 1 0 0 0 0 0 0
-14.4610531935504 0 -8.93744597372791 1 0 0 0 0 1 0 0 0 0 0 0
-16.1623535692622 0 -9.98891020593119 1 0 0 0 0 1 0 0 0 0 0 0
