t = 69468
b = 55 55 55
E = -22.4945943562075 -22.7259418757784 0.231347519570902
0.8233221431789 -0.511002764908689 1.99224778663963 0.855506646120023 -0.285696489659759 -0.431840125780821 0.472245948443315 0.0884837885640752 0.877014471567985 0.0130059715364819 -0.0101752071725478 0.0183171441017268 -0.00223862091333223 0.00669112303201883 -0.00352049220896246
10.37494338878 -3.3757725334099 -2.32894902460575 0.999334272784376 -0.0364409473611851 -0.00175174025015711 -0.0249854772605303 -0.648618964919045 -0.760703072343828 0.198138147347045 -0.333889861739658 0.336544864809 -0.776195227979124 0.221198768068016 0.12669375096684
12.3008071002552 -3.47894624728425 -2.35549318415948 0.99516888922561 -0.00646952457159492 0.0979644178589906 -0.0929090484030073 -0.384544703632242 0.918418902044828 0.075490817845513 -0.133202598576619 -0.0830136922684395 0.00792872287976719 0.786401457057402 1.15187390966434
14.340210419607 -3.58439477714763 -2.1387540289749 0.997177103805282 0.0349847225560186 0.0664371344515511 0.00937193982139032 -0.935893040979626 0.352159598179473 -0.401639253803977 0.364157314790264 0.0476697888595761 0.470830213714873 -0.0331864003010992 -0.0701552250116749
16.2799296129144 -3.51671851381265 -2.02059638563678 0.994410415795945 0.0738174050251129 0.0754911628730356 -0.0732755020737186 -0.0322803575726724 0.996789184988907 0.264753915613217 -0.278850920125158 0.104816228995074 0.544269262676306 -0.142822997236012 0.0472808929407768
18.2005734328742 -3.52011323369427 -1.8390353916358 0.988087116309954 0.0914627339517164 0.12376760028511 -0.152174512597554 0.700609628157654 0.69712916066429 -0.115545606583234 0.435225522797909 -0.214419018438977 0.713278066335227 -0.0658706120572371 0.0219135735789289
28.0973524909232 -1.88336792156244 2.56577343736906 0.892390662690365 0.153911886536452 0.424205181865172 -0.400173109930614 -0.164564872457381 0.901543057674631 -0.0293857140890064 -0.0278803657470973 0.0432328262978927 0.00176333816727868 -0.0028713452495983 0.000926734939854982
