t = 0
b = 100.000000 100.000000 100.000000
E = 0.000000 0.000000 0.000000
64.18000206149836 90.6012129602062 2.584205348618555 -0.7314977145203863 0.6749746837947758 0.09654154487884446 0.5641649762542849 0.5196355795413605 0.6416359902956791 0.0 0.0 0.0 0.0 0.0 0.0
64.45124094437372 91.06497021598199 2.5775888351715586 -0.8170782661303309 0.23960366935068483 0.524378859843854 0.5641649762542849 0.5196355795413605 0.6416359902956791 0.0 0.0 0.0 0.0 0.0 0.0
64.53622681077528 91.58334513572541 2.6905044993255727 -0.5922371236172534 -0.28679678503945427 0.7529958788071789 0.5641649762542849 0.5196355795413605 0.6416359902956791 0.0 0.0 0.0 0.0 0.0 0.0
64.48621220621351 92.036344719295 2.9750655977467324 -0.1423951961653086 -0.7042383458065646 0.6955371739919278 0.5641649762542849 0.5196355795413605 0.6416359902956791 0.0 0.0 0.0 0.0 0.0 0.0
64.40373861220539 92.32881314977911 3.4181744168644603 0.36154504703055845 -0.8541279847645127 0.37383226801572966 0.5641649762542849 0.5196355795413605 0.6416359902956791 0.0 0.0 0.0 0.0 0.0 0.0
64.40367922304392 92.42658307926095 3.946498313239023 0.7281282821486806 -0.6795201220520509 -0.08989776672185967 0.5641649762542849 0.5196355795413605 0.6416359902956791 0.0 0.0 0.0 0.0 0.0 0.0
64.56959669870882 92.36945637553991 4.4543300108607005 0.818083409222835 -0.2467512040014291 -0.5194741368713072 0.5641649762542849 0.5196355795413605 0.6416359902956791 0.0 0.0 0.0 0.0 0.0 0.0
64.9219963132471 92.25608272710271 4.843747562637287 0.5972349715080287 0.2797626219094651 -0.7516935972789358 0.5641649762542849 0.5196355795413605 0.6416359902956791 0.0 0.0 0.0 0.0 0.0 0.0
65.41053565833268 92.20648097713251 5.061816535262067 0.14948698288108853 0.6999899503753494 -0.6983320924335544 0.5641649762542849 0.5196355795413605 0.6416359902956791 0.0 0.0 0.0 0.0 0.0 0.0
65.58992003778998 93.04646891758293 4.223818024341802 -0.14948698288108853 -0.6999899503753494 0.6983320924335544 -0.5641649762542849 -0.5196355795413605 -0.6416359902956791 0.0 0.0 0.0 0.0 0.0 0.0
65.63867827905675 92.59179787339407 3.9417152459025635 -0.5972349715080287 -0.2797626219094651 0.7516935972789358 -0.5641649762542849 -0.5196355795413605 -0.6416359902956791 0.0 0.0 0.0 0.0 0.0 0.0
65.55129678977622 92.07335493073819 3.830961046615132 -0.818083409222835 0.2467512040014291 0.5194741368713072 -0.5641649762542849 -0.5196355795413605 -0.6416359902956791 0.0 0.0 0.0 0.0 0.0 0.0
65.27743316162234 91.61115893279849 3.8386209931727913 -0.7281282821486806 0.6795201220520509 0.08989776672185967 -0.5641649762542849 -0.5196355795413605 -0.6416359902956791 0.0 0.0 0.0 0.0 0.0 0.0
64.83759266864206 91.3038595680617 3.866773138483336 -0.36154504703055845 0.8541279847645127 -0.37383226801572966 -0.5641649762542849 -0.5196355795413605 -0.6416359902956791 0.0 0.0 0.0 0.0 0.0 0.0
64.31533797081514 91.19125870432713 3.8097102065370456 0.1423951961653086 0.7042383458065646 -0.6955371739919278 -0.5641649762542849 -0.5196355795413605 -0.6416359902956791 0.0 0.0 0.0 0.0 0.0 0.0
63.825542262434574 91.23918899367807 3.5940995538941873 0.5922371236172534 0.28679678503945427 -0.7529958788071789 -0.5641649762542849 -0.5196355795413605 -0.6416359902956791 0.0 0.0 0.0 0.0 0.0 0.0
63.470747025017324 91.35249461920282 3.2068434669841834 0.8170782661303309 -0.23960366935068483 -0.524378859843854 -0.5641649762542849 -0.5196355795413605 -0.6416359902956791 0.0 0.0 0.0 0.0 0.0 0.0
63.302204804073895 91.41118258075993 2.7000552024731688 0.7314977145203863 -0.6749746837947758 -0.09654154487884446 -0.5641649762542849 -0.5196355795413605 -0.6416359902956791 0.0 0.0 0.0 0.0 0.0 0.0
