t = 0
b =  50.0 50.0 50.0
E = 0. 0. 0.
16.659797930594138 9.550846372416336 44.44677639433115 -0.5713418899101264 0.8011429155650311 -0.17815295022504254 0.7696433104730959 0.5983911977709637 0.2226592667603246 0.0 0.0 0.0 0.0 0.0 0.0
16.99492272121366 9.87190437833396 44.176039928987485 -0.6299192507394278 0.6547640085824212 0.4177150112372753 0.7696433104730959 0.5983911977709637 0.2226592667603246 0.0 0.0 0.0 0.0 0.0 0.0
17.186457398806684 10.342215860610125 44.00052161359878 -0.44917975652457937 0.25962930766890835 0.8548860561079957 0.7696433104730959 0.5983911977709637 0.2226592667603246 0.0 0.0 0.0 0.0 0.0 0.0
17.275601536766477 10.871709851738666 44.01987460159892 -0.09778936292099927 -0.23414290799856377 0.9672715953306401 0.7696433104730959 0.5983911977709637 0.2226592667603246 0.0 0.0 0.0 0.0 0.0 0.0
17.342454586371478 11.347830959621618 44.259717180189924 0.2907528446072283 -0.6389603182567198 0.7121744835685121 0.7696433104730959 0.5983911977709637 0.2226592667603246 0.0 0.0 0.0 0.0 0.0 0.0
17.475584756053248 11.678301042853036 44.66189995471897 0.5688331853408408 -0.8010260207623189 0.18651037857631003 0.7696433104730959 0.5983911977709637 0.2226592667603246 0.0 0.0 0.0 0.0 0.0 0.0
17.738380468231824 11.826177219447363 45.106597775913045 0.6308042885797762 -0.6587685455394342 -0.4100121375242709 0.7696433104730959 0.5983911977709637 0.2226592667603246 0.0 0.0 0.0 0.0 0.0 0.0
18.144968037840446 11.823887085357795 45.457833317457414 0.4531222961019696 -0.26623388584339 -0.8507641875420057 0.7696433104730959 0.5983911977709637 0.2226592667603246 0.0 0.0 0.0 0.0 0.0 0.0
18.65484484910303 11.760908928613164 45.61513713568225 0.10329156753423394 0.2274474782777575 -0.9682966986938514 0.7696433104730959 0.5983911977709637 0.2226592667603246 0.0 0.0 0.0 0.0 0.0 0.0
19.18826697643511 11.749777431698593 45.55171769097232 -0.2857813544826725 0.6347177426821384 -0.7179571049544264 0.7696433104730959 0.5983911977709637 0.2226592667603246 0.0 0.0 0.0 0.0 0.0 0.0
19.656545235020744 11.883329864199839 45.32463990159748 -0.5662811619221653 0.8008481247268266 -0.19485360344014482 0.7696433104730959 0.5983911977709637 0.2226592667603246 0.0 0.0 0.0 0.0 0.0 0.0
19.995739684928157 12.199435651931285 45.05314522718738 -0.631641288231292 0.6627229147211777 0.40227803979956744 0.7696433104730959 0.5983911977709637 0.2226592667603246 0.0 0.0 0.0 0.0 0.0 0.0
19.237770139050607 12.994703149596699 45.53587887494685 0.631641288231292 -0.6627229147211777 -0.40227803979956744 -0.7696433104730959 -0.5983911977709637 -0.2226592667603246 0.0 0.0 0.0 0.0 0.0 0.0
18.977007840714144 12.84434761387203 45.0908155774693 0.5662811619221654 -0.8008481247268268 0.1948536034401449 -0.7696433104730959 -0.5983911977709637 -0.2226592667603246 0.0 0.0 0.0 0.0 0.0 0.0
18.845329351055902 12.511438722917159 44.69016916502701 0.2857813544826727 -0.6347177426821387 0.7179571049544267 -0.7696433104730959 -0.5983911977709637 -0.2226592667603246 0.0 0.0 0.0 0.0 0.0 0.0
18.778794730144106 12.033845902546473 44.453181097249626 -0.10329156753423382 -0.22744747827775758 0.9682966986938518 -0.7696433104730959 -0.5983911977709637 -0.2226592667603246 0.0 0.0 0.0 0.0 0.0 0.0
18.688714793162813 11.504406422345726 44.436916292407005 -0.45312229610196963 0.2662338858433902 0.8507641875420062 -0.7696433104730959 -0.5983911977709637 -0.2226592667603246 0.0 0.0 0.0 0.0 0.0 0.0
18.495345614527558 11.035654964800042 44.61458321088392 -0.6308042885797766 0.6587685455394349 0.41001213752427135 -0.7696433104730959 -0.5983911977709637 -0.2226592667603246 0.0 0.0 0.0 0.0 0.0 0.0
18.158184578462258 10.717069817938253 44.885712409010544 -0.5688331853408413 0.8010260207623197 -0.18651037857631003 -0.7696433104730959 -0.5983911977709637 -0.2226592667603246 0.0 0.0 0.0 0.0 0.0 0.0
17.691357999900152 10.581078577713553 45.114326560472136 -0.2907528446072285 0.6389603182567207 -0.7121744835685127 -0.7696433104730959 -0.5983911977709637 -0.2226592667603246 0.0 0.0 0.0 0.0 0.0 0.0
17.158254301261277 10.59073836214039 45.180600515995685 0.09778936292099943 0.2341429079985643 -0.9672715953306413 -0.7696433104730959 -0.5983911977709637 -0.2226592667603246 0.0 0.0 0.0 0.0 0.0 0.0
16.64744169097719 10.653771029812816 45.026384880928376 0.4491797565245801 -0.2596293076689085 -0.854886056107997 -0.7696433104730959 -0.5983911977709637 -0.2226592667603246 0.0 0.0 0.0 0.0 0.0 0.0
16.239019620326342 10.657621188632866 44.677297942472215 0.6299192507394289 -0.6547640085824221 -0.41771501123727595 -0.7696433104730959 -0.5983911977709637 -0.2226592667603246 0.0 0.0 0.0 0.0 0.0 0.0
