t = 0
b = 22.5 22.5 22.5
E = 0 0 0
-5.9296784 2.640761 1.2212962 -0.8895111049143244 0.42305669797640955 0.17260655993152427 0.0 0.17260655993152427 -0.42305669797640955 0.0 0.0 0.0 0.0 0.0 0.0
-5.5063396 2.786335 1.2676685 -0.8628608819601232 0.4629198600624483 0.20291944594533515 0.0 0.20291944594533515 -0.4629198600624483 0.0 0.0 0.0 0.0 0.0 0.0
-5.2930264 2.4034986 1.1894811 -0.904006578796372 0.37523362828086887 0.20487027529647547 0.0 0.20487027529647547 -0.37523362828086887 0.0 0.0 0.0 0.0 0.0 0.0
-5.478516 2.3749707 0.7841042 -0.9155935470532832 0.3781956025445173 0.1365889556676401 0.0 0.13658895566764012 -0.37819560254451734 0.0 0.0 0.0 0.0 0.0 0.0
-5.371918 2.8024187 0.70192534 -0.8750499416911411 0.46935955895510195 0.11827596528375019 0.0 0.11827596528375019 -0.46935955895510195 0.0 0.0 0.0 0.0 0.0 0.0
-4.940831 2.7472413 0.79772246 -0.8471535771477958 0.5022190757930218 0.17351315983318555 0.0 0.17351315983318555 -0.5022190757930218 0.0 0.0 0.0 0.0 0.0 0.0
-4.951045 2.3736794 0.5545903 -0.9146474247218874 0.39630755838559784 0.0797521637077346 0.0 0.0797521637077346 -0.39630755838559784 0.0 0.0 0.0 0.0 0.0 0.0
-5.1303124 2.5926275 0.21143463 -0.8867970626320194 0.4619227576104562 0.01477618722046173 0.0 0.01477618722046173 -0.4619227576104562 0.0 0.0 0.0 0.0 0.0 0.0
-4.8842454 2.9675982 0.21014324 -0.8492988994986203 0.5265745341793452 0.03755847792760309 0.0 0.03755847792760309 -0.5265745341793452 0.0 0.0 0.0 0.0 0.0 0.0
-4.496126 2.7994838 0.3634656 -0.8603231545389127 0.5081377819948923 0.040497707015647436 0.0 0.040497707015647436 -0.5081377819948923 0.0 0.0 0.0 0.0 0.0 0.0
-4.3266025 3.190538 0.49002117 -0.7884437265681441 0.6104888363820954 0.07523211208103094 0.0 0.07523211208103094 -0.6104888363820954 0.0 0.0 0.0 0.0 0.0 0.0
-4.3988028 3.4846208 0.8197934 -0.7693645882215565 0.6177714721454591 0.16259316896446577 0.0 0.16259316896446574 -0.617771472145459 0.0 0.0 0.0 0.0 0.0 0.0
-4.2210617 3.8976288 0.80500114 -0.7271547331246391 0.6697475330834128 0.15061286805289162 0.0 0.15061286805289162 -0.6697475330834128 0.0 0.0 0.0 0.0 0.0 0.0
-4.037215 3.9884949 1.2008687 -0.6856460447893538 0.6957753326651901 0.213977072882493 0.0 0.213977072882493 -0.6957753326651901 0.0 0.0 0.0 0.0 0.0 0.0
-4.105541 4.427096 1.2205917 -0.6648269377470857 0.7215936318145435 0.1931522026033607 0.0 0.1931522026033607 -0.7215936318145435 0.0 0.0 0.0 0.0 0.0 0.0
-3.819911 4.672576 1.4597324 -0.6134253899581636 0.7429134552096366 0.2679344864386708 0.0 0.2679344864386708 -0.7429134552096366 0.0 0.0 0.0 0.0 0.0 0.0
-3.8258982 5.120216 1.4166471 -0.5834731457397012 0.7791229895545705 0.22918650777950705 0.0 0.22918650777950705 -0.7791229895545705 0.0 0.0 0.0 0.0 0.0 0.0
-3.74278 5.4874387 1.6513267 -0.5311057607559466 0.8130926974540854 0.2383420572175347 0.0 0.2383420572175347 -0.8130926974540854 0.0 0.0 0.0 0.0 0.0 0.0
-4.1374736 5.687016 1.6143461 -0.5767092153084229 0.7899998504979134 0.20810266022234672 0.0 0.20810266022234672 -0.7899998504979134 0.0 0.0 0.0 0.0 0.0 0.0
-4.5664477 5.6053066 1.5568209 -0.6208061585608297 0.755995614960688 0.20753395783138082 0.0 0.20753395783138082 -0.755995614960688 0.0 0.0 0.0 0.0 0.0 0.0
-4.54602 5.8147454 1.1600142 -0.5919466357396078 0.7943185511266552 0.13659143374535454 0.0 0.13659143374535454 -0.7943185511266552 0.0 0.0 0.0 0.0 0.0 0.0
-4.197582 5.5726695 1.0171402 -0.5800081176843987 0.7992550667508163 0.15742274833501352 0.0 0.15742274833501352 -0.7992550667508163 0.0 0.0 0.0 0.0 0.0 0.0
-4.383306 5.1880727 1.1522658 -0.6416674656160644 0.7498647936987191 0.16113861964480877 0.0 0.16113861964480877 -0.7498647936987191 0.0 0.0 0.0 0.0 0.0 0.0
-4.7634425 5.2768254 0.9333177 -0.6625669899908926 0.7366784000565104 0.13531414805772723 0.0 0.13531414805772723 -0.7366784000565104 0.0 0.0 0.0 0.0 0.0 0.0
-4.5453157 5.382837 0.5597558 -0.6196438399825261 0.7811317094611491 0.07664700937422583 0.0 0.07664700937422583 -0.7811317094611491 0.0 0.0 0.0 0.0 0.0 0.0
-4.308171 5.0044613 0.575135 -0.6275673244223174 0.77111950922902 0.1073962560046176 0.0 0.1073962560046176 -0.77111950922902 0.0 0.0 0.0 0.0 0.0 0.0
-4.668584 4.7500587 0.6633012 -0.6993385961200854 0.7092298433685171 0.08898627563988176 0.0 0.08898627563988175 -0.709229843368517 0.0 0.0 0.0 0.0 0.0 0.0
-4.8700404 4.927918 0.31004933 -0.6982373849887329 0.7153227968093766 0.02788997255121423 0.0 0.02788997255121423 -0.7153227968093766 0.0 0.0 0.0 0.0 0.0 0.0
-4.509157 4.8584175 0.04813337 -0.6827181707336096 0.730646032727659 0.007230090558663044 0.0 0.007230090558663044 -0.730646032727659 0.0 0.0 0.0 0.0 0.0 0.0
-4.453745 4.4302654 0.16975817 -0.71282063816767 0.7003502049046524 0.037367476396556645 0.0 0.037367476396556645 -0.7003502049046524 0.0 0.0 0.0 0.0 0.0 0.0
-4.8851843 4.357596 0.09098381 -0.7639427557926971 0.6452303869932902 0.008319469475188393 0.0 0.008319469475188393 -0.6452303869932902 0.0 0.0 0.0 0.0 0.0 0.0
-4.874384 4.5513034 -0.31427568 -0.7115494982186549 0.7010639579736738 -0.04697487003779246 0.0 -0.04697487003779246 -0.7010639579736738 0.0 0.0 0.0 0.0 0.0 0.0
-4.527706 4.2861 -0.4106598 -0.7350412396956145 0.6749477213737128 -0.06449766940880314 0.0 -0.06449766940880314 -0.6749477213737128 0.0 0.0 0.0 0.0 0.0 0.0
-4.7627378 3.917117 -0.3193238 -0.773382877820409 0.6329819971436886 -0.034824066192933344 0.0 -0.034824066192933344 -0.6329819971436886 0.0 0.0 0.0 0.0 0.0 0.0
-4.676098 3.8395162 0.11822025 -0.7637393845198209 0.6447697938628391 0.03121002171350288 0.0 0.03121002171350288 -0.6447697938628391 0.0 0.0 0.0 0.0 0.0 0.0
-5.0707912 3.7911482 0.3281287 -0.8104844920902553 0.5851456489675801 0.026822706342027654 0.0 0.026822706342027654 -0.5851456489675801 0.0 0.0 0.0 0.0 0.0 0.0
-4.9211082 3.6571968 0.72998357 -0.8045724709315452 0.581541244840101 0.12030344786802129 0.0 0.12030344786802129 -0.581541244840101 0.0 0.0 0.0 0.0 0.0 0.0
-4.7676687 4.0081005 0.9552711 -0.7517949604793656 0.6438994500236711 0.1421190896996012 0.0 0.1421190896996012 -0.6438994500236711 0.0 0.0 0.0 0.0 0.0 0.0
-4.612468 4.007279 1.3725053 -0.7269614849965783 0.6428090649866423 0.2415025989561365 0.0 0.2415025989561365 -0.6428090649866423 0.0 0.0 0.0 0.0 0.0 0.0
-4.589223 4.412656 1.5656258 -0.6998378140104102 0.6740470595296666 0.23640557442780555 0.0 0.23640557442780555 -0.6740470595296666 0.0 0.0 0.0 0.0 0.0 0.0
-4.2674336 4.3685136 1.8703921 -0.6559295022591751 0.6974756368677053 0.2885900622717624 0.0 0.2885900622717624 -0.6974756368677053 0.0 0.0 0.0 0.0 0.0 0.0
-4.2947874 4.5579953 2.2752995 -0.6584928466760415 0.6662792924286816 0.34994153134090683 0.0 0.34994153134090683 -0.6662792924286816 0.0 0.0 0.0 0.0 0.0 0.0
-3.9009159 4.7485323 2.2074432 -0.5923827379932474 0.734406336121893 0.33125522666312895 0.0 0.33125522666312895 -0.734406336121893 0.0 0.0 0.0 0.0 0.0 0.0
-4.141935 5.033224 1.9553885 -0.6170121415765006 0.734865752695472 0.28154634194479894 0.0 0.28154634194479894 -0.734865752695472 0.0 0.0 0.0 0.0 0.0 0.0
-4.261916 5.3904676 2.2045083 -0.5875639464388822 0.7551879260169784 0.2906196917680238 0.0 0.2906196917680238 -0.7551879260169784 0.0 0.0 0.0 0.0 0.0 0.0
-4.707678 5.362996 2.2788215 -0.6214732205450781 0.7237348886265179 0.2999647431450745 0.0 0.2999647431450745 -0.7237348886265179 0.0 0.0 0.0 0.0 0.0 0.0
-4.724583 4.973938 2.0581124 -0.6655165985188899 0.6890049641306382 0.2869840004236905 0.0 0.2869840004236905 -0.6890049641306382 0.0 0.0 0.0 0.0 0.0 0.0
-5.145692 4.9157085 2.1954687 -0.6824659494368576 0.6643092671122702 0.30484984088565154 0.0 0.30484984088565154 -0.6643092671122702 0.0 0.0 0.0 0.0 0.0 0.0
-5.2576895 5.302184 2.0027003 -0.673499395218601 0.6943831891099573 0.25343747024002605 0.0 0.25343747024002605 -0.6943831891099573 0.0 0.0 0.0 0.0 0.0 0.0
-5.0679736 5.154379 1.6253816 -0.6832484888983478 0.697571083846187 0.21579176397578415 0.0 0.21579176397578415 -0.697571083846187 0.0 0.0 0.0 0.0 0.0 0.0
-5.3106365 4.7785864 1.6326603 -0.7284332178875635 0.6439503548384324 0.23390807506673703 0.0 0.23390807506673703 -0.6439503548384324 0.0 0.0 0.0 0.0 0.0 0.0
-5.689364 5.009744 1.7009861 -0.7279674726033804 0.6456293742035331 0.2307077588573934 0.0 0.2307077588573934 -0.6456293742035331 0.0 0.0 0.0 0.0 0.0 0.0
-5.592158 5.298075 1.3695704 -0.6946501890133541 0.696205998401566 0.18099260397427905 0.0 0.18099260397427905 -0.696205998401566 0.0 0.0 0.0 0.0 0.0 0.0
-5.504696 4.9585586 1.0842922 -0.7293821326347567 0.6685698684657687 0.14496908488653326 0.0 0.14496908488653326 -0.6685698684657687 0.0 0.0 0.0 0.0 0.0 0.0
-5.926626 4.8159194 1.0993191 -0.7673729480936532 0.6265976511349167 0.13606668264590288 0.0 0.13606668264590288 -0.6265976511349167 0.0 0.0 0.0 0.0 0.0 0.0
-5.9633718 4.9661894 0.67527586 -0.7443379145165305 0.6636426331806625 0.07442798155411015 0.0 0.07442798155411015 -0.6636426331806625 0.0 0.0 0.0 0.0 0.0 0.0
-5.6530876 4.666354 0.54707676 -0.7610365903968778 0.6445692958507045 0.07316919381557951 0.0 0.07316919381557951 -0.6445692958507045 0.0 0.0 0.0 0.0 0.0 0.0
-5.8864756 4.3338814 0.73350555 -0.8009305754225073 0.5842582614838804 0.13096754270125538 0.0 0.13096754270125538 -0.5842582614838804 0.0 0.0 0.0 0.0 0.0 0.0
-6.2358537 4.45128 0.472294 -0.8049255177594401 0.589881106905385 0.06430544748133837 0.0 0.06430544748133837 -0.589881106905385 0.0 0.0 0.0 0.0 0.0 0.0
-5.9786334 4.3730927 0.11904203 -0.78601948864705 0.6181553435482556 0.007571968685100537 0.0 0.007571968685100537 -0.6181553435482556 0.0 0.0 0.0 0.0 0.0 0.0
-5.843743 3.9684203 0.24853253 -0.8216834330732684 0.5680045347036438 0.046980680806315074 0.0 0.046980680806315074 -0.5680045347036438 0.0 0.0 0.0 0.0 0.0 0.0
-5.4983563 4.051773 0.5250059 -0.8035667691806427 0.5888837192100761 0.0865818267183827 0.0 0.0865818267183827 -0.5888837192100761 0.0 0.0 0.0 0.0 0.0 0.0
-5.4549193 3.8085232 0.89762855 -0.8175767376954757 0.5605283556815351 0.13181896849914282 0.0 0.13181896849914282 -0.5605283556815351 0.0 0.0 0.0 0.0 0.0 0.0
-5.288331 4.080418 1.208617 -0.772767122083293 0.6096824179832558 0.17640386682041748 0.0 0.17640386682041748 -0.6096824179832558 0.0 0.0 0.0 0.0 0.0 0.0
-5.109181 3.9205215 1.5835878 -0.7548410215162835 0.6118880111835049 0.23623736792926836 0.0 0.23623736792926836 -0.6118880111835049 0.0 0.0 0.0 0.0 0.0 0.0
-4.826368 4.0442595 1.9036158 -0.7365336797925879 0.6076330760048256 0.2971534678850367 0.0 0.2971534678850367 -0.6076330760048256 0.0 0.0 0.0 0.0 0.0 0.0
-4.405142 3.9249825 1.9708852 -0.6948642378654184 0.6404228740196223 0.3271425276055659 0.0 0.3271425276055659 -0.6404228740196223 0.0 0.0 0.0 0.0 0.0 0.0
-4.092158 3.9792206 2.2882135 -0.6529967161830684 0.6595989801717947 0.3721887612629615 0.0 0.37218876126296147 -0.6595989801717946 0.0 0.0 0.0 0.0 0.0 0.0
-4.408429 3.9177036 2.5976758 -0.6917292744345015 0.59849772645121 0.4041176590091689 0.0 0.4041176590091689 -0.59849772645121 0.0 0.0 0.0 0.0 0.0 0.0
-4.1955857 3.8605306 2.989082 -0.6381775030877934 0.6104189318533547 0.4691675630173501 0.0 0.4691675630173501 -0.6104189318533547 0.0 0.0 0.0 0.0 0.0 0.0
-4.525358 3.9373093 3.282226 -0.6632694766706808 0.5844090135270756 0.46748230578847755 0.0 0.46748230578847755 -0.5844090135270756 0.0 0.0 0.0 0.0 0.0 0.0
-4.9564457 3.8449168 3.3224938 -0.7009623708255445 0.536328091756079 0.47011055367850985 0.0 0.47011055367850985 -0.536328091756079 0.0 0.0 0.0 0.0 0.0 0.0
-5.028058 4.2891526 3.3553655 -0.6734418592216924 0.592405050813747 0.4421903640044549 0.0 0.4421903640044549 -0.592405050813747 0.0 0.0 0.0 0.0 0.0 0.0
-4.867692 4.344447 2.941301 -0.6654488469052355 0.6214977931718407 0.4134226955974049 0.0 0.4134226955974049 -0.6214977931718407 0.0 0.0 0.0 0.0 0.0 0.0
-5.0941534 3.980747 2.8045318 -0.7292934206198881 0.5577086469268431 0.3963485483555767 0.0 0.3963485483555767 -0.5577086469268431 0.0 0.0 0.0 0.0 0.0 0.0
-5.47065 4.1566095 2.960202 -0.725606749944956 0.5463969091875586 0.41826458380384185 0.0 0.41826458380384185 -0.5463969091875586 0.0 0.0 0.0 0.0 0.0 0.0
-5.397629 4.548838 2.756516 -0.6905991311568852 0.6197648978702821 0.3727791724509221 0.0 0.37277917245092207 -0.619764897870282 0.0 0.0 0.0 0.0 0.0 0.0
-5.3028884 4.32672 2.3766146 -0.7373256316039162 0.5923604410756498 0.3247460867024389 0.0 0.3247460867024389 -0.5923604410756498 0.0 0.0 0.0 0.0 0.0 0.0
-5.6737494 4.080066 2.3874152 -0.7721277561085751 0.5449313381845693 0.32690757854646224 0.0 0.32690757854646224 -0.5449313381845693 0.0 0.0 0.0 0.0 0.0 0.0
-5.9435315 4.4161777 2.5079834 -0.74954831933114 0.5674224797683386 0.3408944799221789 0.0 0.3408944799221789 -0.5674224797683386 0.0 0.0 0.0 0.0 0.0 0.0
-5.777178 4.658018 2.1695237 -0.7453456718510967 0.6071451196127126 0.27538088746916073 0.0 0.27538088746916073 -0.6071451196127126 0.0 0.0 0.0 0.0 0.0 0.0
-5.86734 4.3384595 1.8674572 -0.7783578045038423 0.5771420105707021 0.24711581860003615 0.0 0.24711581860003615 -0.5771420105707021 0.0 0.0 0.0 0.0 0.0 0.0
-5.509275 4.062926 1.8457384 -0.7816622912860741 0.5636916629705092 0.26693776705244737 0.0 0.26693776705244737 -0.5636916629705092 0.0 0.0 0.0 0.0 0.0 0.0
-5.620451 3.6843157 1.6306645 -0.8169416075442935 0.5385155793983399 0.20641555321296925 0.0 0.20641555321296925 -0.5385155793983399 0.0 0.0 0.0 0.0 0.0 0.0
-5.274947 3.4490492 1.7876263 -0.794776753658537 0.554326624381716 0.24708683766151832 0.0 0.24708683766151832 -0.554326624381716 0.0 0.0 0.0 0.0 0.0 0.0
-4.956328 3.5046961 2.101902 -0.7685089291344663 0.5423225482468336 0.3395294972512063 0.0 0.3395294972512063 -0.5423225482468336 0.0 0.0 0.0 0.0 0.0 0.0
-4.5217185 3.4054945 2.0602255 -0.7437063176888911 0.5787985023006419 0.3345044196481776 0.0 0.3345044196481776 -0.5787985023006419 0.0 0.0 0.0 0.0 0.0 0.0
-4.200516 3.4312046 2.3689835 -0.7130775734270398 0.5702168888455216 0.4078885557977069 0.0 0.4078885557977069 -0.5702168888455216 0.0 0.0 0.0 0.0 0.0 0.0
-3.7580419 3.3736794 2.3403385 -0.6652183947762826 0.6097195181140579 0.43096008687815524 0.0 0.4309600868781551 -0.6097195181140578 0.0 0.0 0.0 0.0 0.0 0.0
-3.7723644 3.0893404 2.6850202 -0.6707879456234032 0.559037387942333 0.48736098621960683 0.0 0.48736098621960683 -0.559037387942333 0.0 0.0 0.0 0.0 0.0 0.0
-4.0470767 2.7916179 2.8687487 -0.7147095826327478 0.4697762162118994 0.5181703572904903 0.0 0.5181703572904903 -0.4697762162118994 0.0 0.0 0.0 0.0 0.0 0.0
-4.3186193 2.9821556 3.1640058 -0.7007437907867139 0.4981299985542104 0.5107099413700975 0.0 0.5107099413700975 -0.4981299985542104 0.0 0.0 0.0 0.0 0.0 0.0
-4.621977 2.7245834 3.3828366 -0.7280983454377572 0.40464586042831313 0.553294249933099 0.0 0.553294249933099 -0.40464586042831313 0.0 0.0 0.0 0.0 0.0 0.0
-4.839869 3.0893404 3.525593 -0.7002323455467457 0.4669542005978154 0.5400263297230591 0.0 0.5400263297230591 -0.4669542005978154 0.0 0.0 0.0 0.0 0.0 0.0
-4.8963375 3.2491198 3.1118808 -0.7319553691243474 0.5031536551689442 0.4594319720047482 0.0 0.4594319720047482 -0.5031536551689442 0.0 0.0 0.0 0.0 0.0 0.0
-5.010214 2.8372858 2.9785163 -0.7768037017452786 0.42777278385537804 0.46215414565646 0.0 0.46215414565646 -0.42777278385537804 0.0 0.0 0.0 0.0 0.0 0.0
-5.3305945 2.8213196 3.293027 -0.7630601765074977 0.4026861954733611 0.5055521684292695 0.0 0.5055521684292695 -0.4026861954733611 0.0 0.0 0.0 0.0 0.0 0.0
-5.47652 3.2323315 3.1886597 -0.7637795513288558 0.48283110842493854 0.4283864116764641 0.0 0.4283864116764641 -0.48283110842493854 0.0 0.0 0.0 0.0 0.0 0.0
-5.5054007 3.1324255 2.7581594 -0.7977603145660817 0.4548666003861377 0.39582174821071187 0.0 0.39582174821071187 -0.4548666003861377 0.0 0.0 0.0 0.0 0.0 0.0
-5.733975 2.757807 2.8480866 -0.8244552139229496 0.3736211618136517 0.42506567454956967 0.0 0.42506567454956967 -0.3736211618136517 0.0 0.0 0.0 0.0 0.0 0.0
-6.0224233 2.985795 3.09838 -0.7996593553923947 0.4184540888141059 0.4306287158192963 0.0 0.4306287158192963 -0.4184540888141059 0.0 0.0 0.0 0.0 0.0 0.0
-6.0859356 3.2673163 2.7533462 -0.8052880037503954 0.45828253588455753 0.37614936969098123 0.0 0.37614936969098123 -0.45828253588455753 0.0 0.0 0.0 0.0 0.0 0.0
-6.0825315 2.9438837 2.4361355 -0.8435350558945925 0.42429793165151547 0.3292717337901216 0.0 0.3292717337901216 -0.42429793165151547 0.0 0.0 0.0 0.0 0.0 0.0
-5.7461843 3.1521485 2.2248182 -0.821911969254411 0.46628474303670386 0.3271685394525753 0.0 0.3271685394525753 -0.46628474303670386 0.0 0.0 0.0 0.0 0.0 0.0
-5.416295 2.9339046 2.012327 -0.8374509068077344 0.4592262124140322 0.2962891569375526 0.0 0.2962891569375526 -0.4592262124140322 0.0 0.0 0.0 0.0 0.0 0.0
-5.0267673 2.9637241 2.2293966 -0.7791828298009864 0.48282700431569964 0.39969013203587417 0.0 0.39969013203587417 -0.48282700431569964 0.0 0.0 0.0 0.0 0.0 0.0
-4.640174 2.8518434 2.0471942 -0.7907909946423932 0.5140437198296757 0.33227798135922954 0.0 0.33227798135922954 -0.5140437198296757 0.0 0.0 0.0 0.0 0.0 0.0
-4.3219066 2.8350554 2.3560696 -0.7716322325056735 0.48428997883570624 0.41236745040997297 0.0 0.41236745040997297 -0.48428997883570624 0.0 0.0 0.0 0.0 0.0 0.0
-3.890937 2.850317 2.2514677 -0.723838547074862 0.5249429925461022 0.44776401412495836 0.0 0.44776401412495836 -0.5249429925461022 0.0 0.0 0.0 0.0 0.0 0.0
-3.613759 2.5139706 2.3637006 -0.734544961728822 0.4965440210077083 0.4624799827022788 0.0 0.4624799827022788 -0.4965440210077083 0.0 0.0 0.0 0.0 0.0 0.0
-3.1870158 2.4196997 2.2970183 -0.6583523325239056 0.5494123839400911 0.5145077634337493 0.0 0.5145077634337493 -0.5494123839400911 0.0 0.0 0.0 0.0 0.0 0.0
-3.131134 2.0273538 2.5054004 -0.6897588980051942 0.4488084329879261 0.568158123326229 0.0 0.568158123326229 -0.4488084329879261 0.0 0.0 0.0 0.0 0.0 0.0
-3.3268373 1.625499 2.5408547 -0.7315068823932778 0.3651169278896915 0.5758361832845007 0.0 0.5758361832845007 -0.3651169278896915 0.0 0.0 0.0 0.0 0.0 0.0
-3.4330828 1.7036865 2.961611 -0.697804569592452 0.3570027221941494 0.6209813515733462 0.0 0.6209813515733462 -0.3570027221941494 0.0 0.0 0.0 0.0 0.0 0.0
-3.6364172 2.0893402 2.8480866 -0.6953255616574309 0.4499410728543235 0.5604242984243981 0.0 0.5604242984243981 -0.4499410728543235 0.0 0.0 0.0 0.0 0.0 0.0
-3.8309462 1.8675746 2.5109181 -0.7902489837223805 0.3589102982269596 0.49667891192638697 0.0 0.49667891192638697 -0.3589102982269596 0.0 0.0 0.0 0.0 0.0 0.0
-3.997887 1.5525947 2.777765 -0.7782431531618392 0.2938428537555486 0.5549720460108899 0.0 0.5549720460108899 -0.2938428537555486 0.0 0.0 0.0 0.0 0.0 0.0
-4.139352 1.8526651 3.0764265 -0.7262680820756879 0.36345446291846245 0.5834685307218839 0.0 0.5834685307218839 -0.36345446291846245 0.0 0.0 0.0 0.0 0.0 0.0
-4.3513737 2.0678566 2.7398453 -0.7922338294856432 0.3660695261092814 0.4882198904926335 0.0 0.4882198904926335 -0.3660695261092814 0.0 0.0 0.0 0.0 0.0 0.0
-4.5297017 1.6841983 2.5898101 -0.833470279974914 0.28861401653190444 0.47119978974938026 0.0 0.47119978974938026 -0.28861401653190444 0.0 0.0 0.0 0.0 0.0 0.0
-4.679737 1.5915709 2.9991784 -0.7950489054738272 0.25622012162159535 0.5497713044358392 0.0 0.5497713044358392 -0.25622012162159535 0.0 0.0 0.0 0.0 0.0 0.0
-4.8919935 1.9875559 2.9982393 -0.7920183771930526 0.34941460835621707 0.5006159422708739 0.0 0.5006159422708739 -0.34941460835621707 0.0 0.0 0.0 0.0 0.0 0.0
-5.095445 1.8606482 2.6235032 -0.8459154492308552 0.32307567779305824 0.4243219993956438 0.0 0.4243219993956438 -0.32307567779305824 0.0 0.0 0.0 0.0 0.0 0.0
-4.824724 2.052125 2.3241374 -0.8233166424812027 0.3825296669881688 0.4193098616624705 0.0 0.4193098616624705 -0.3825296669881688 0.0 0.0 0.0 0.0 0.0 0.0
-4.6946464 1.8324726 1.9550364 -0.8756604549667169 0.33323899568560217 0.34952902506363287 0.0 0.34952902506363287 -0.33323899568560217 0.0 0.0 0.0 0.0 0.0 0.0
-4.598615 2.1816156 1.693003 -0.858291221456434 0.4161615973642946 0.3002427418773371 0.0 0.3002427418773371 -0.4161615973642946 0.0 0.0 0.0 0.0 0.0 0.0
-4.228105 2.3706272 1.8701574 -0.8137655489384836 0.44272658825504846 0.3765352565336922 0.0 0.3765352565336922 -0.44272658825504846 0.0 0.0 0.0 0.0 0.0 0.0
-3.9833295 2.726227 1.7602724 -0.7427301043137193 0.5680739615656445 0.3544629266048092 0.0 0.3544629266048092 -0.5680739615656445 0.0 0.0 0.0 0.0 0.0 0.0
-3.5551775 2.5969713 1.7455976 -0.7480896797229153 0.5549541815700456 0.3638511886059837 0.0 0.3638511886059837 -0.5549541815700456 0.0 0.0 0.0 0.0 0.0 0.0
-3.3217893 2.9450576 1.8809581 -0.656688397432057 0.6413818522389846 0.39672366742684534 0.0 0.39672366742684534 -0.6413818522389846 0.0 0.0 0.0 0.0 0.0 0.0
-3.0024655 3.0575254 1.7944354 -0.6317887983540327 0.6590724629171438 0.40800294471816934 0.0 0.40800294471816934 -0.6590724629171438 0.0 0.0 0.0 0.0 0.0 0.0
-3.0251231 2.788683 1.4403616 -0.6774986552605848 0.6550666940849492 0.3344894593566663 0.0 0.3344894593566663 -0.6550666940849492 0.0 0.0 0.0 0.0 0.0 0.0
-2.6362996 2.9200518 1.2652031 -0.5999022903103036 0.7460041586475405 0.28912806394576673 0.0 0.28912806394576673 -0.7460041586475405 0.0 0.0 0.0 0.0 0.0 0.0
-2.4243956 2.7727168 1.626086 -0.5944477478877416 0.6841491968478213 0.42257750943900624 0.0 0.42257750943900624 -0.6841491968478213 0.0 0.0 0.0 0.0 0.0 0.0
-2.5973234 2.3590045 1.6429914 -0.6822170847687294 0.5978022623830569 0.420965918263409 0.0 0.420965918263409 -0.5978022623830569 0.0 0.0 0.0 0.0 0.0 0.0
-2.6656492 2.3148627 1.2013384 -0.7318472708140088 0.5940148357937536 0.33398495034807646 0.0 0.33398495034807646 -0.5940148357937536 0.0 0.0 0.0 0.0 0.0 0.0
-2.9043202 2.0423808 0.94435316 -0.7818799616272167 0.5711426510879744 0.24991958249409477 0.0 0.24991958249409477 -0.5711426510879744 0.0 0.0 0.0 0.0 0.0 0.0
-2.667645 1.7116694 1.142874 -0.7589403423243691 0.5510748429680129 0.34688048985255643 0.0 0.34688048985255643 -0.5510748429680129 0.0 0.0 0.0 0.0 0.0 0.0
-2.9037333 1.7814041 1.5105659 -0.765220680179567 0.47206705735937865 0.43770995417236974 0.0 0.43770995417236974 -0.47206705735937865 0.0 0.0 0.0 0.0 0.0 0.0
-3.2895045 1.7349144 1.2900916 -0.8418705209886295 0.4428085618393293 0.3085038143234513 0.0 0.3085038143234513 -0.4428085618393293 0.0 0.0 0.0 0.0 0.0 0.0
-3.146161 1.3523128 1.1008453 -0.8753719488979033 0.4044627757703964 0.26482789524291583 0.0 0.26482789524291583 -0.4044627757703964 0.0 0.0 0.0 0.0 0.0 0.0
-3.0090396 1.1987556 1.5039916 -0.8393760256250355 0.3327915779506247 0.42976464867535696 0.0 0.42976464867535696 -0.3327915779506247 0.0 0.0 0.0 0.0 0.0 0.0
-3.4139469 1.2671989 1.6807936 -0.8350604585696327 0.3354089444976742 0.43609043842353484 0.0 0.43609043842353484 -0.3354089444976742 0.0 0.0 0.0 0.0 0.0 0.0
-3.617516 1.0228928 1.3653439 -0.9126401875889136 0.27910778032982614 0.2986414823111987 0.0 0.2986414823111987 -0.27910778032982614 0.0 0.0 0.0 0.0 0.0 0.0
-3.5009394 0.6346561 1.5453157 -0.8986980491800974 0.1662492160732377 0.4058361917755996 0.0 0.4058361917755996 -0.1662492160732377 0.0 0.0 0.0 0.0 0.0 0.0
-3.6352432 0.69816864 1.9727637 -0.86096230078125 0.18959957123613116 0.4720126261240602 0.0 0.4720126261240602 -0.18959957123613116 0.0 0.0 0.0 0.0 0.0 0.0
-3.9569151 1.0043439 1.8929327 -0.8508815283231098 0.24952676641018992 0.4623170098573093 0.0 0.4623170098573093 -0.24952676641018992 0.0 0.0 0.0 0.0 0.0 0.0
-4.1480393 0.9020898 1.5022306 -0.9208693814816932 0.18874751806690876 0.3411362728780185 0.0 0.3411362728780185 -0.18874751806690876 0.0 0.0 0.0 0.0 0.0 0.0
-4.518784 1.1308994 1.6145809 -0.9041558306030626 0.2349455652533227 0.35679520085657396 0.0 0.35679520085657396 -0.2349455652533227 0.0 0.0 0.0 0.0 0.0 0.0
-4.314393 1.5251234 1.6865461 -0.8773208149048515 0.32212291504390667 0.355731661984569 0.0 0.355731661984569 -0.32212291504390667 0.0 0.0 0.0 0.0 0.0 0.0
-4.2821083 1.8395164 1.3637004 -0.8976362633697035 0.3599709601469855 0.25430306041126177 0.0 0.25430306041126177 -0.3599709601469855 0.0 0.0 0.0 0.0 0.0 0.0
-4.0016437 2.1877203 1.3687485 -0.8322223810545275 0.44935631513057495 0.3247842522724963 0.0 0.3247842522724963 -0.44935631513057495 0.0 0.0 0.0 0.0 0.0 0.0
-4.0038743 2.6123505 1.2389059 -0.8034856835721532 0.5379938394573494 0.25489877402712147 0.0 0.25489877402712147 -0.5379938394573494 0.0 0.0 0.0 0.0 0.0 0.0
-3.5760744 2.729749 1.2494718 -0.7728664365456236 0.5866715155509867 0.24185533713850121 0.0 0.24185533713850121 -0.5866715155509867 0.0 0.0 0.0 0.0 0.0 0.0
-3.5064569 3.163184 1.3251936 -0.7097032810577671 0.6446414047545357 0.28418077368453193 0.0 0.28418077368453193 -0.6446414047545357 0.0 0.0 0.0 0.0 0.0 0.0
-3.1193943 3.3836584 1.3854191 -0.652608523610442 0.7065855658033572 0.2735670906913859 0.0 0.2735670906913859 -0.7065855658033572 0.0 0.0 0.0 0.0 0.0 0.0
-2.840573 3.4558585 1.0437896 -0.6307699147088729 0.7468695462072396 0.2105117470507368 0.0 0.2105117470507368 -0.7468695462072396 0.0 0.0 0.0 0.0 0.0 0.0
-3.1083586 3.2841043 0.7262268 -0.6851426572696243 0.7119705540804132 0.1538748495107231 0.0 0.1538748495107231 -0.7119705540804132 0.0 0.0 0.0 0.0 0.0 0.0
-3.0048132 3.4772248 0.33599436 -0.6373030535857527 0.7673212065228877 0.07115464784914079 0.0 0.07115464784914079 -0.7673212065228877 0.0 0.0 0.0 0.0 0.0 0.0
-3.0420287 3.4025595 -0.107654385 -0.6592723467412482 0.7505965592562149 -0.044325817025958066 0.0 -0.044325817025958066 -0.7505965592562149 0.0 0.0 0.0 0.0 0.0 0.0
-2.6610706 3.1634188 -0.110002354 -0.6183021639009034 0.7856280267405551 -0.022159370821441364 0.0 -0.022159370821441364 -0.7856280267405551 0.0 0.0 0.0 0.0 0.0 0.0
-2.7841043 2.8763795 0.21366519 -0.688389262885656 0.7199514336601832 0.08826185990783311 0.0 0.08826185990783311 -0.7199514336601832 0.0 0.0 0.0 0.0 0.0 0.0
-3.2333882 2.8554826 0.17926745 -0.755107361867884 0.6550132649426971 0.027757788132936393 0.0 0.027757788132936386 -0.655013264942697 0.0 0.0 0.0 0.0 0.0 0.0
-3.239845 2.4956563 -0.09063161 -0.7920850235826008 0.6095519926092995 -0.03236794281667384 0.0 -0.03236794281667384 -0.6095519926092995 0.0 0.0 0.0 0.0 0.0 0.0
-2.9688895 2.2622683 0.17762388 -0.7844831644004309 0.6175692142150091 0.056519292512760146 0.0 0.056519292512760146 -0.6175692142150091 0.0 0.0 0.0 0.0 0.0 0.0
-3.277295 2.3131018 0.49776947 -0.775060395242615 0.6043890913795218 0.1843778998356296 0.0 0.1843778998356296 -0.6043890913795218 0.0 0.0 0.0 0.0 0.0 0.0
-3.6076543 2.161423 0.23855367 -0.8473409319455011 0.5287376698639105 0.049495671695734086 0.0 0.0494956716957341 -0.5287376698639106 0.0 0.0 0.0 0.0 0.0 0.0
-3.3507864 1.8176802 0.10154966 -0.8607375799815271 0.5089663984912677 -0.009166439569020234 0.0 -0.009166439569020234 -0.5089663984912677 0.0 0.0 0.0 0.0 0.0 0.0
-3.313219 1.705917 0.5392111 -0.8800006124578706 0.44890647700305114 0.15518343010283536 0.0 0.15518343010283536 -0.44890647700305114 0.0 0.0 0.0 0.0 0.0 0.0
-3.7614465 1.6805589 0.59462315 -0.8938396222480208 0.4181929496781025 0.16175718388697125 0.0 0.16175718388697125 -0.4181929496781025 0.0 0.0 0.0 0.0 0.0 0.0
-3.8845975 2.0644517 0.7750646 -0.861064049080959 0.4822667493961602 0.16120634543083306 0.0 0.16120634543083306 -0.4822667493961602 0.0 0.0 0.0 0.0 0.0 0.0
-4.313806 2.2054474 0.7812867 -0.8780898958001478 0.4509000137754936 0.16014778322207635 0.0 0.16014778322207635 -0.4509000137754936 0.0 0.0 0.0 0.0 0.0 0.0
-4.2266965 2.639352 0.7025123 -0.832588018065813 0.531037967645426 0.15746704128882635 0.0 0.15746704128882635 -0.531037967645426 0.0 0.0 0.0 0.0 0.0 0.0
-3.9040856 2.937544 0.7772952 -0.7839909576470897 0.6053084302120715 0.13769488967204635 0.0 0.13769488967204635 -0.6053084302120715 0.0 0.0 0.0 0.0 0.0 0.0
-3.9031465 3.3235502 1.0124443 -0.7341572456022207 0.6524446075678249 0.1879605617820602 0.0 0.1879605617820602 -0.6524446075678249 0.0 0.0 0.0 0.0 0.0 0.0
-3.6695235 3.634891 0.79161775 -0.7002704403335525 0.7009771174691414 0.13510141072433807 0.0 0.13510141072433807 -0.7009771174691414 0.0 0.0 0.0 0.0 0.0 0.0
-3.5396807 4.0069265 0.9953041 -0.6434105497740921 0.7488505354339476 0.15888908086992823 0.0 0.15888908086992823 -0.7488505354339476 0.0 0.0 0.0 0.0 0.0 0.0
-3.2094388 4.2751822 0.86886597 -0.584462975881296 0.7963557131171469 0.15562971441745954 0.0 0.15562971441745954 -0.7963557131171469 0.0 0.0 0.0 0.0 0.0 0.0
-3.1462784 4.0812397 0.4640761 -0.6147545440835962 0.7846367435836928 0.08013757637306008 0.0 0.08013757637306008 -0.7846367435836928 0.0 0.0 0.0 0.0 0.0 0.0
-3.5691478 4.18819 0.36921814 -0.6633433938807074 0.7455433495303697 0.06434792744029623 0.0 0.06434792744029623 -0.7455433495303697 0.0 0.0 0.0 0.0 0.0 0.0
-3.7005165 4.545081 0.5935666 -0.6231244017485765 0.7735782641039106 0.11529375200529782 0.0 0.11529375200529782 -0.7735782641039106 0.0 0.0 0.0 0.0 0.0 0.0
-3.3472648 4.8219066 0.56985205 -0.5480576471575233 0.827335916370578 0.12307760509294925 0.0 0.12307760509294922 -0.8273359163705778 0.0 0.0 0.0 0.0 0.0 0.0
-3.3507864 5.1286693 0.24759334 -0.5531141469872066 0.8315045963700324 0.05162215239724589 0.0 0.05162215239724589 -0.8315045963700324 0.0 0.0 0.0 0.0 0.0 0.0
-3.611059 5.4273305 0.051185727 -0.5514975547438521 0.8341347936144307 -0.008342253494300365 0.0 -0.008342253494300365 -0.8341347936144307 0.0 0.0 0.0 0.0 0.0 0.0
-4.0298195 5.278587 0.0 -0.6004069666523782 0.7996938635328775 -0.0010949991550028857 0.0 -0.0010949991550028857 -0.7996938635328775 0.0 0.0 0.0 0.0 0.0 0.0
-3.9494011 5.210378 -0.43989202 -0.591622107845059 0.8025784946845312 -0.07649210010766774 0.0 -0.07649210010766774 -0.8025784946845312 0.0 0.0 0.0 0.0 0.0 0.0
-3.5952103 4.9661894 -0.3285983 -0.5630994199078453 0.8255905981365611 -0.03632089712498253 0.0 -0.03632089712498253 -0.8255905981365611 0.0 0.0 0.0 0.0 0.0 0.0
-3.83212 4.7382016 -0.022188308 -0.6341806293429485 0.7731599440402268 0.006215327657914451 0.0 0.006215327657914451 -0.7731599440402268 0.0 0.0 0.0 0.0 0.0 0.0
-4.1601315 4.660719 -0.31310165 -0.6598432552819787 0.7480279342459912 -0.07114132446445365 0.0 -0.07114132446445365 -0.7480279342459912 0.0 0.0 0.0 0.0 0.0 0.0
-3.8672225 4.494365 -0.60695004 -0.6371163505737566 0.7593883377588282 -0.13195494802189903 0.0 -0.13195494802189903 -0.7593883377588282 0.0 0.0 0.0 0.0 0.0 0.0
-3.6671753 4.25229 -0.28563043 -0.62705670185204 0.7786061776655566 -0.023923059241529022 0.0 -0.023923059241529022 -0.7786061776655566 0.0 0.0 0.0 0.0 0.0 0.0
-4.061047 4.088284 -0.1737497 -0.7077343054818453 0.7052827911065606 -0.04108938321597942 0.0 -0.04108938321597942 -0.7052827911065606 0.0 0.0 0.0 0.0 0.0 0.0
-4.1236205 3.9629023 -0.6035455 -0.7088048169032528 0.6947475710865171 -0.12215377196030978 0.0 -0.12215377196030978 -0.6947475710865171 0.0 0.0 0.0 0.0 0.0 0.0
-3.705917 3.7893875 -0.61176336 -0.6982750175795039 0.7080480680765024 -0.10526126123829323 0.0 -0.10526126123829323 -0.7080480680765024 0.0 0.0 0.0 0.0 0.0 0.0
-3.7882135 3.541794 -0.24876732 -0.7109293268136428 0.7031852989164761 -0.01048463943333006 0.0 -0.01048463943333006 -0.7031852989164761 0.0 0.0 0.0 0.0 0.0 0.0
-4.1878376 3.4016204 -0.3880019 -0.7769286844187314 0.6245333409111675 -0.07962364860840546 0.0 -0.07962364860840546 -0.6245333409111675 0.0 0.0 0.0 0.0 0.0 0.0
-4.006692 3.2895048 -0.7803475 -0.7463637592616139 0.6420541452334338 -0.17523587945805066 0.0 -0.17523587945805066 -0.6420541452334338 0.0 0.0 0.0 0.0 0.0 0.0
-3.647922 3.102489 -0.5891055 -0.7385830546300934 0.6637095084428688 -0.11825717659324475 0.0 -0.11825717659324475 -0.6637095084428688 0.0 0.0 0.0 0.0 0.0 0.0
-3.911951 2.8415122 -0.3351726 -0.8093464147032106 0.5853237247643103 -0.048523378232484836 0.0 -0.048523378232484836 -0.5853237247643103 0.0 0.0 0.0 0.0 0.0 0.0
-4.1743364 2.7319794 -0.68372864 -0.8184169523161923 0.5530427077902266 -0.1560046650633544 0.0 -0.1560046650633544 -0.5530427077902266 0.0 0.0 0.0 0.0 0.0 0.0
-3.7934961 2.6144636 -0.8831886 -0.8156637419564373 0.5494717487391049 -0.18103440942321553 0.0 -0.18103440942321553 -0.5494717487391049 0.0 0.0 0.0 0.0 0.0 0.0
-3.624325 2.32085 -0.58276594 -0.8372989599603137 0.5339557242352037 -0.11756588027925557 0.0 -0.11756588027925557 -0.5339557242352037 0.0 0.0 0.0 0.0 0.0 0.0
-1.5861704 5.2046256 4.370627 -0.19301968167994032 0.7425627581364171 0.6413610158974519 0.0 0.6413610158974519 -0.7425627581364171 0.0 0.0 0.0 0.0 0.0 0.0
-1.4800423 4.81815 4.167176 -0.2138055627133903 0.7292330641799206 0.6500048611045723 0.0 0.6500048611045723 -0.7292330641799206 0.0 0.0 0.0 0.0 0.0 0.0
-1.7080301 4.9173517 3.799836 -0.28711608895272206 0.7719718721540082 0.5671188412207167 0.0 0.5671188412207167 -0.7719718721540082 0.0 0.0 0.0 0.0 0.0 0.0
-1.454567 5.2850437 3.7756517 -0.22926123627045403 0.7901456507239774 0.5684268960787532 0.0 0.5684268960787532 -0.7901456507239774 0.0 0.0 0.0 0.0 0.0 0.0
-1.0779526 5.0522428 3.8512564 -0.15627733012331094 0.7756300714853843 0.6115352715069731 0.0 0.6115352715069731 -0.7756300714853843 0.0 0.0 0.0 0.0 0.0 0.0
-1.1812633 4.755694 3.53205 -0.21356194660251476 0.7665321209212753 0.6056565054214114 0.0 0.6056565054214114 -0.7665321209212753 0.0 0.0 0.0 0.0 0.0 0.0
-1.239258 5.081944 3.2362058 -0.21367220621636637 0.8419005480929023 0.49552765352854056 0.0 0.49552765352854056 -0.8419005480929023 0.0 0.0 0.0 0.0 0.0 0.0
-0.8552478 5.2770605 3.351374 -0.09952120137785686 0.8341232863602371 0.5425254589675087 0.0 0.5425254589675087 -0.8341232863602371 0.0 0.0 0.0 0.0 0.0 0.0
-0.5987322 4.9064336 3.3653443 -0.08243631291724894 0.809732707401428 0.5809795150235185 0.0 0.5809795150235185 -0.809732707401428 0.0 0.0 0.0 0.0 0.0 0.0
-0.81004936 4.6400566 3.072083 -0.14717555715167152 0.8462478628111583 0.5120585025801664 0.0 0.5120585025801664 -0.8462478628111583 0.0 0.0 0.0 0.0 0.0 0.0
-0.59086645 4.258864 3.1689365 -0.08146064094496357 0.7979465809497942 0.5971979721393647 0.0 0.5971979721393647 -0.7979465809497942 0.0 0.0 0.0 0.0 0.0 0.0
-0.60542387 3.983447 3.5224233 -0.12511370854548914 0.7370691868257608 0.6641352074434889 0.0 0.664135207443489 -0.737069186825761 0.0 0.0 0.0 0.0 0.0 0.0
-0.2885654 3.6798546 3.5772483 -0.058330229855801885 0.7058155132955023 0.7059901171237286 0.0 0.7059901171237286 -0.7058155132955023 0.0 0.0 0.0 0.0 0.0 0.0
-0.486734 3.2885654 3.6813807 -0.10381107267826828 0.6622902462083745 0.7420208157232775 0.0 0.7420208157232775 -0.6622902462083745 0.0 0.0 0.0 0.0 0.0 0.0
-0.17727166 3.0734916 3.921226 -0.01832818035625618 0.620383421080382 0.7840844907619523 0.0 0.7840844907619523 -0.620383421080382 0.0 0.0 0.0 0.0 0.0 0.0
-0.18396337 2.6292558 3.9407141 -0.09692919362729771 0.5581626977383284 0.8240504440119145 0.0 0.8240504440119145 -0.5581626977383284 0.0 0.0 0.0 0.0 0.0 0.0
0.17621508 2.4356658 4.115873 0.027759392110450077 0.4988632839465891 0.8662360186921826 0.0 0.8662360186921826 -0.4988632839465891 0.0 0.0 0.0 0.0 0.0 0.0
0.30206624 2.0750177 4.342099 0.0745795775737265 0.4240420252769311 0.9025664781100411 0.0 0.9025664781100411 -0.4240420252769311 0.0 0.0 0.0 0.0 0.0 0.0
0.48297727 2.290796 4.6901855 0.10592653348051283 0.45496468630400566 0.8841870298308496 0.0 0.8841870298308496 -0.45496468630400566 0.0 0.0 0.0 0.0 0.0 0.0
0.4714722 2.6668234 4.9357834 0.08978100894911961 0.4762656682224516 0.8747058841145976 0.0 0.8747058841145976 -0.4762656682224516 0.0 0.0 0.0 0.0 0.0 0.0
0.8806058 2.7729516 4.800188 0.1689457958794515 0.4730058658932586 0.8647096442651877 0.0 0.8647096442651877 -0.4730058658932586 0.0 0.0 0.0 0.0 0.0 0.0
0.78011274 2.7096736 4.363818 0.13801309297180733 0.5217660125846523 0.8418507078335612 0.0 0.8418507078335612 -0.5217660125846523 0.0 0.0 0.0 0.0 0.0 0.0
0.40819442 2.95668 4.4027944 0.08217007828132429 0.5638612688386329 0.8217715909782524 0.0 0.8217715909782524 -0.5638612688386329 0.0 0.0 0.0 0.0 0.0 0.0
0.6424043 3.283048 4.595445 0.12238793301852992 0.5626655430458157 0.8175748776230892 0.0 0.8175748776230892 -0.5626655430458157 0.0 0.0 0.0 0.0 0.0 0.0
0.9659545 3.2634423 4.2877436 0.20364393943518386 0.5909063571552752 0.7806143881615313 0.0 0.7806143881615313 -0.5909063571552752 0.0 0.0 0.0 0.0 0.0 0.0
0.65625733 3.3003054 3.9638414 0.1280493808047348 0.6247833734615356 0.7702266499684021 0.0 0.7702266499684021 -0.6247833734615356 0.0 0.0 0.0 0.0 0.0 0.0
0.43977463 3.639587 4.1757455 0.0889960382264178 0.6610148728327122 0.745076535044525 0.0 0.745076535044525 -0.6610148728327122 0.0 0.0 0.0 0.0 0.0 0.0
0.81697583 3.8753228 4.217422 0.1560837593908504 0.6593772319426073 0.7354315236989262 0.0 0.7354315236989262 -0.6593772319426073 0.0 0.0 0.0 0.0 0.0 0.0
0.92850435 3.7999532 3.7890353 0.16251485636185778 0.7066299653535165 0.6886675638696604 0.0 0.6886675638696604 -0.7066299653535165 0.0 0.0 0.0 0.0 0.0 0.0
0.53204983 3.9283874 3.6341867 0.08420575785233643 0.7299995879055543 0.6782403644743025 0.0 0.6782403644743025 -0.7299995879055543 0.0 0.0 0.0 0.0 0.0 0.0
0.52911484 4.286217 3.899977 0.08777632329297697 0.738316864102302 0.6687178218436457 0.0 0.6687178218436457 -0.738316864102302 0.0 0.0 0.0 0.0 0.0 0.0
0.9442358 4.41113 3.774478 0.18896112920274677 0.7317427850857141 0.654863488160262 0.0 0.654863488160262 -0.7317427850857141 0.0 0.0 0.0 0.0 0.0 0.0
0.79255694 4.3804884 3.3529 0.1262434061986011 0.7941912496829027 0.5944096746508121 0.0 0.5944096746508121 -0.7941912496829027 0.0 0.0 0.0 0.0 0.0 0.0
0.45597562 4.6670585 3.4367225 0.061748193902295696 0.8008376969218265 0.5956896370919587 0.0 0.5956896370919587 -0.8008376969218265 0.0 0.0 0.0 0.0 0.0 0.0
0.108710974 4.401386 3.5342808 0.020852662483584194 0.7715520055606497 0.6358244012167864 0.0 0.6358244012167864 -0.7715520055606497 0.0 0.0 0.0 0.0 0.0 0.0
-0.07783518 4.567739 3.908899 0.0007656911385449037 0.77492166103137 0.6320568273355356 0.0 0.6320568273355356 -0.77492166103137 0.0 0.0 0.0 0.0 0.0 0.0
-0.4384832 4.308171 3.9431796 -0.0903376866715815 0.7466801116239281 0.6590204194652133 0.0 0.6590204194652133 -0.7466801116239281 0.0 0.0 0.0 0.0 0.0 0.0
-0.31439304 3.913947 4.1049542 -0.03505754371329337 0.6857601939149229 0.7269827543144046 0.0 0.7269827543144046 -0.6857601939149229 0.0 0.0 0.0 0.0 0.0 0.0
-0.5923926 3.571848 4.1830244 -0.13649659356385255 0.6435533930645596 0.7531319341394024 0.0 0.7531319341394024 -0.6435533930645596 0.0 0.0 0.0 0.0 0.0 0.0
-0.43683964 3.238319 4.4420056 -0.06883512520757276 0.5831695372866923 0.8094288210327595 0.0 0.8094288210327595 -0.5831695372866923 0.0 0.0 0.0 0.0 0.0 0.0
-0.68114585 2.8755577 4.346913 -0.11654634309606149 0.5455075979126679 0.8299628970806383 0.0 0.8299628970806383 -0.5455075979126679 0.0 0.0 0.0 0.0 0.0 0.0
-0.8053534 2.5918057 4.669641 -0.15526062046975175 0.4784360038939211 0.864287643038684 0.0 0.864287643038684 -0.4784360038939211 0.0 0.0 0.0 0.0 0.0 0.0
-0.6138765 2.2619162 4.4414186 -0.11736402235519117 0.4591494088495457 0.88057226086774 0.0 0.88057226086774 -0.4591494088495457 0.0 0.0 0.0 0.0 0.0 0.0
-0.22258747 2.4353135 4.5884013 -0.037694038702937936 0.47899724261269633 0.8770067280333117 0.0 0.8770067280333117 -0.47899724261269633 0.0 0.0 0.0 0.0 0.0 0.0
-0.1146983 2.2143695 4.964781 -0.0023501228060165335 0.41691466929661236 0.9089425919430187 0.0 0.9089425919430187 -0.41691466929661236 0.0 0.0 0.0 0.0 0.0 0.0
-0.18678094 2.4836817 5.3215547 -0.012244130117530354 0.4142724890740158 0.9100705390650137 0.0 0.9100705390650137 -0.4142724890740158 0.0 0.0 0.0 0.0 0.0 0.0
-0.33693355 2.8003054 5.0441422 -0.061319480470946014 0.4914039612596534 0.868770434679435 0.0 0.868770434679435 -0.4914039612596534 0.0 0.0 0.0 0.0 0.0 0.0
-0.46607187 3.0460203 5.394929 -0.0735374357154521 0.472678634861004 0.8781612344520415 0.0 0.8781612344520415 -0.472678634861004 0.0 0.0 0.0 0.0 0.0 0.0
-0.04261564 3.0414417 5.5380373 0.007557170280710256 0.4784088589216858 0.8781046935773655 0.0 0.8781046935773655 -0.4784088589216858 0.0 0.0 0.0 0.0 0.0 0.0
0.081709325 3.192064 5.133013 0.012500424682688725 0.5373417288666534 0.8432719643159902 0.0 0.8432719643159902 -0.5373417288666534 0.0 0.0 0.0 0.0 0.0 0.0
-0.2129608 3.5293498 5.163067 -0.0514046770441714 0.5668931022356198 0.8221859703349721 0.0 0.8221859703349721 -0.5668931022356198 0.0 0.0 0.0 0.0 0.0 0.0
-0.0834703 3.6488614 5.575018 -0.011329254874489145 0.5257089788529989 0.8505890415102502 0.0 0.8505890415102502 -0.5257089788529989 0.0 0.0 0.0 0.0 0.0 0.0
0.34597325 3.6224465 5.4697113 0.07100242214395136 0.5304360819546277 0.8447462453366192 0.0 0.8447462453366192 -0.5304360819546277 0.0 0.0 0.0 0.0 0.0 0.0
0.30206624 3.8791971 5.107772 0.04589189847820069 0.610385956048188 0.7907736201424566 0.0 0.7907736201424566 -0.610385956048188 0.0 0.0 0.0 0.0 0.0 0.0
0.120803 4.206739 5.3565392 0.026636629914760297 0.6186472186655178 0.7852172366830744 0.0 0.7852172366830744 -0.6186472186655178 0.0 0.0 0.0 0.0 0.0 0.0
0.4903734 4.451867 5.306762 0.10257913848491883 0.6394935332309049 0.7619222672317337 0.0 0.7619222672317337 -0.6394935332309049 0.0 0.0 0.0 0.0 0.0 0.0
0.3955154 4.4938955 4.8692183 0.06606404377108822 0.6789835371558837 0.7311750121495513 0.0 0.7311750121495513 -0.6789835371558837 0.0 0.0 0.0 0.0 0.0 0.0
0.02653205 4.7148395 4.9756985 -0.021256010531238326 0.6711639089898159 0.7410041762944432 0.0 0.7410041762944432 -0.6711639089898159 0.0 0.0 0.0 0.0 0.0 0.0
0.27036864 5.071261 5.1089463 0.03703544463754846 0.697680622589719 0.7154509939215412 0.0 0.7154509939215412 -0.697680622589719 0.0 0.0 0.0 0.0 0.0 0.0
0.441066 5.0577602 4.6960554 0.09568659599431262 0.7222360050777816 0.6849957870792402 0.0 0.6849957870792402 -0.7222360050777816 0.0 0.0 0.0 0.0 0.0 0.0
0.031345386 5.074666 4.5154967 0.0014557042343726788 0.7440928264453317 0.6680746564252977 0.0 0.6680746564252977 -0.7440928264453317 0.0 0.0 0.0 0.0 0.0 0.0
-0.045198403 4.6382957 4.4436493 -0.012089653393229514 0.7161121325188029 0.6978805441765833 0.0 0.6978805441765833 -0.7161121325188029 0.0 0.0 0.0 0.0 0.0 0.0
-0.46630666 4.507044 4.4920173 -0.08165923684185798 0.7175656238913246 0.6916873169632789 0.0 0.6916873169632789 -0.7175656238913246 0.0 0.0 0.0 0.0 0.0 0.0
-0.4629021 4.0865226 4.629608 -0.06035559389292845 0.6531352914038369 0.7548320961701729 0.0 0.7548320961701729 -0.6531352914038369 0.0 0.0 0.0 0.0 0.0 0.0
-0.81932384 3.8212023 4.6176333 -0.11822158079024603 0.624524347241785 0.7720058273987819 0.0 0.7720058273987819 -0.624524347241785 0.0 0.0 0.0 0.0 0.0 0.0
-0.93413955 3.3928154 4.631721 -0.17525910905748782 0.5881371890307714 0.7895434703493901 0.0 0.7895434703493901 -0.5881371890307714 0.0 0.0 0.0 0.0 0.0 0.0
-1.0884011 3.134539 4.307232 -0.19145383414881442 0.5564803924797584 0.8085017020237448 0.0 0.8085017020237448 -0.5564803924797584 0.0 0.0 0.0 0.0 0.0 0.0
-1.2538155 2.7176569 4.2670817 -0.22904960528666496 0.5122695906546036 0.8277174305332636 0.0 0.8277174305332636 -0.5122695906546036 0.0 0.0 0.0 0.0 0.0 0.0
-1.4948345 2.8042967 4.6314864 -0.27210246072742794 0.5089432911137141 0.8166620949305898 0.0 0.8166620949305898 -0.5089432911137141 0.0 0.0 0.0 0.0 0.0 0.0
-1.7923223 2.4681852 4.6514444 -0.31773795000787886 0.4320406991930708 0.84402809749768 0.0 0.84402809749768 -0.4320406991930708 0.0 0.0 0.0 0.0 0.0 0.0
-1.9529233 2.5028176 5.0713787 -0.3065780649300713 0.42268956506090266 0.8528443126927435 0.0 0.8528443126927435 -0.42268956506090266 0.0 0.0 0.0 0.0 0.0 0.0
-2.05506 2.816624 5.377319 -0.32090465845907934 0.4403579767160551 0.8385135971001328 0.0 0.8385135971001328 -0.4403579767160551 0.0 0.0 0.0 0.0 0.0 0.0
-1.7419583 2.6305473 5.6409955 -0.2640250735898329 0.37924240397195164 0.8868291602927018 0.0 0.8868291602927018 -0.37924240397195164 0.0 0.0 0.0 0.0 0.0 0.0
-1.4268608 2.7208266 5.3370514 -0.23171222610185807 0.44127712357347254 0.8669394122345827 0.0 0.8669394122345827 -0.44127712357347254 0.0 0.0 0.0 0.0 0.0 0.0
-1.6067152 3.123738 5.264147 -0.255069455474863 0.5018608345896108 0.8264836813808101 0.0 0.8264836813808101 -0.5018608345896108 0.0 0.0 0.0 0.0 0.0 0.0
-1.5853487 3.227988 5.7011037 -0.2517831032259441 0.45485796108004933 0.8542303577911604 0.0 0.8542303577911604 -0.45485796108004933 0.0 0.0 0.0 0.0 0.0 0.0
-1.1568444 3.0948582 5.7257576 -0.16574147627208494 0.44106972333285127 0.8820358621973554 0.0 0.8820358621973554 -0.44106972333285127 0.0 0.0 0.0 0.0 0.0 0.0
-1.0496596 3.3270724 5.360179 -0.16330003847610414 0.5287282438924057 0.8329342960547104 0.0 0.8329342960547104 -0.5287282438924057 0.0 0.0 0.0 0.0 0.0 0.0
-1.2349143 3.703569 5.520427 -0.1875973741858549 0.5504331328588421 0.8135297114732644 0.0 0.8135297114732644 -0.5504331328588421 0.0 0.0 0.0 0.0 0.0 0.0
-1.047429 3.6341865 5.9195824 -0.15264690255575283 0.49485762793168303 0.8554617765966885 0.0 0.8554617765966885 -0.49485762793168303 0.0 0.0 0.0 0.0 0.0 0.0
-0.6475699 3.6010802 5.7259927 -0.09140449808121272 0.5387204430760489 0.8375114936181276 0.0 0.8375114936181276 -0.5387204430760489 0.0 0.0 0.0 0.0 0.0 0.0
-0.6967598 3.9890823 5.511975 -0.1061590145206634 0.5916593238989735 0.7991680099199487 0.0 0.7991680099199487 -0.5916593238989735 0.0 0.0 0.0 0.0 0.0 0.0
-0.8909369 3.8855367 5.1172814 -0.1476175279657177 0.6001719718604025 0.7861314582374165 0.0 0.7861314582374165 -0.6001719718604025 0.0 0.0 0.0 0.0 0.0 0.0
-1.048603 4.2605076 4.932144 -0.13269678596848739 0.663461866082284 0.7363490444403706 0.0 0.7363490444403706 -0.663461866082284 0.0 0.0 0.0 0.0 0.0 0.0
-1.3085232 4.0440245 4.632661 -0.18000877501650042 0.6600360296321524 0.7293485315708008 0.0 0.7293485315708008 -0.6600360296321524 0.0 0.0 0.0 0.0 0.0 0.0
-1.4740549 3.6262035 4.5832357 -0.2521310154425481 0.5934774921879863 0.7643392030493846 0.0 0.7643392030493846 -0.5934774921879863 0.0 0.0 0.0 0.0 0.0 0.0
-1.5261799 3.4016204 4.20263 -0.25878242058549716 0.6097200188106651 0.749181658516433 0.0 0.749181658516433 -0.6097200188106651 0.0 0.0 0.0 0.0 0.0 0.0
-1.7039212 2.9984741 4.120099 -0.3327461224388843 0.5647283159744829 0.7552231108344816 0.0 0.7552231108344816 -0.5647283159744829 0.0 0.0 0.0 0.0 0.0 0.0
-1.7278705 2.7451282 3.749824 -0.34830946157248216 0.5403526360839612 0.7659631503252632 0.0 0.7659631503252632 -0.5403526360839612 0.0 0.0 0.0 0.0 0.0 0.0
-2.1755106 2.712374 3.8059404 -0.4055760622441503 0.5009432296412053 0.7645678115191404 0.0 0.7645678115191404 -0.5009432296412053 0.0 0.0 0.0 0.0 0.0 0.0
-2.518549 2.9381313 3.9793382 -0.4726857033669151 0.5290955051822714 0.7047170866584986 0.0 0.7047170866584986 -0.5290955051822714 0.0 0.0 0.0 0.0 0.0 0.0
-2.5714955 2.8487911 4.4160604 -0.4222922691009033 0.4798099585471306 0.7690589334612864 0.0 0.7690589334612864 -0.4798099585471306 0.0 0.0 0.0 0.0 0.0 0.0
-2.9192297 3.0513031 4.6168118 -0.47973232422142587 0.46950235793621015 0.7412316999356191 0.0 0.7412316999356191 -0.46950235793621015 0.0 0.0 0.0 0.0 0.0 0.0
-2.7553415 2.9675982 5.0265326 -0.4240317521595988 0.43374963504471364 0.7950209602639658 0.0 0.7950209602639658 -0.43374963504471364 0.0 0.0 0.0 0.0 0.0 0.0
-2.36417 3.1595447 4.9221654 -0.3627327237741715 0.5066600958754236 0.7821256410263489 0.0 0.7821256410263489 -0.5066600958754236 0.0 0.0 0.0 0.0 0.0 0.0
-2.5785396 3.5089223 4.740197 -0.4050268431384259 0.549988002927937 0.7303878784403947 0.0 0.7303878784403947 -0.549988002927937 0.0 0.0 0.0 0.0 0.0 0.0
-2.8160365 3.5673869 5.111998 -0.43033804290741984 0.506328926458861 0.7472885567554404 0.0 0.7472885567554404 -0.506328926458861 0.0 0.0 0.0 0.0 0.0 0.0
-2.4609063 3.528528 5.3779063 -0.31976768677983897 0.509937116959773 0.7985691975265674 0.0 0.7985691975265674 -0.509937116959773 0.0 0.0 0.0 0.0 0.0 0.0
-2.2276356 3.817328 5.13677 -0.32628790203924896 0.570028720420416 0.7540579970258844 0.0 0.7540579970258844 -0.570028720420416 0.0 0.0 0.0 0.0 0.0 0.0
-2.5738435 4.1003757 5.1276126 -0.3890876814196105 0.5876836327490471 0.7093932082888832 0.0 0.7093932082888832 -0.5876836327490471 0.0 0.0 0.0 0.0 0.0 0.0
-2.5853486 4.0871096 5.5759573 -0.3593378742145298 0.5318171968022112 0.7668420706641107 0.0 0.7668420706641107 -0.5318171968022112 0.0 0.0 0.0 0.0 0.0 0.0
-2.1478047 4.142522 5.6197467 -0.27234356422530087 0.5579729140176878 0.7838974488079863 0.0 0.7838974488079863 -0.5579729140176878 0.0 0.0 0.0 0.0 0.0 0.0
-2.1367693 4.4661894 5.3155675 -0.2792879962889837 0.6190706321819136 0.7339957544146768 0.0 0.7339957544146768 -0.6190706321819136 0.0 0.0 0.0 0.0 0.0 0.0
-1.832003 4.2637944 5.059052 -0.2635410606708386 0.6157404707155801 0.7425697152883662 0.0 0.7425697152883662 -0.6157404707155801 0.0 0.0 0.0 0.0 0.0 0.0
-1.8487909 4.261212 4.613994 -0.281490604212668 0.6723735746462238 0.6845997486542382 0.0 0.6845997486542382 -0.6723735746462238 0.0 0.0 0.0 0.0 0.0 0.0
-1.9695939 3.8593569 4.452806 -0.3491110824744739 0.5931847485006001 0.7254331852347127 0.0 0.7254331852347127 -0.5931847485006001 0.0 0.0 0.0 0.0 0.0 0.0
-1.9293262 3.7451282 4.0218363 -0.311877023193798 0.6589908053356275 0.6844441839090142 0.0 0.6844441839090142 -0.6589908053356275 0.0 0.0 0.0 0.0 0.0 0.0
-2.1435783 3.3600612 3.9361355 -0.38914950957794386 0.6136991265218663 0.6869760121733104 0.0 0.6869760121733104 -0.6136991265218663 0.0 0.0 0.0 0.0 0.0 0.0
-2.057173 3.1385303 3.5631604 -0.41848878147881075 0.5922288880367054 0.6885724972369924 0.0 0.6885724972369924 -0.5922288880367054 0.0 0.0 0.0 0.0 0.0 0.0
-2.3840103 3.0507164 3.2676685 -0.4664039339515116 0.6195183203413805 0.6313987814020143 0.0 0.6313987814020143 -0.6195183203413805 0.0 0.0 0.0 0.0 0.0 0.0
-2.3973937 2.839399 2.8790798 -0.52299445240577 0.591370451103913 0.6138059891479908 0.0 0.6138059891479908 -0.591370451103913 0.0 0.0 0.0 0.0 0.0 0.0
-2.8280113 2.8802538 2.755342 -0.5806293755514255 0.5768216223697374 0.574583626823377 0.0 0.574583626823377 -0.5768216223697374 0.0 0.0 0.0 0.0 0.0 0.0
-3.140174 3.1996949 2.720944 -0.6059104028162396 0.606771359734092 0.5144911085388196 0.0 0.5144911085388196 -0.606771359734092 0.0 0.0 0.0 0.0 0.0 0.0
-3.386593 2.99143 3.0305238 -0.6253942475236498 0.5391687164299259 0.564073692337831 0.0 0.564073692337831 -0.5391687164299259 0.0 0.0 0.0 0.0 0.0 0.0
-3.0405025 2.9968305 3.3207328 -0.5514859610092565 0.5480830912208197 0.6288625922469293 0.0 0.6288625922469293 -0.5480830912208197 0.0 0.0 0.0 0.0 0.0 0.0
-2.9698286 3.4267435 3.2085 -0.533740989667403 0.6380026527443283 0.5550433956368288 0.0 0.5550433956368288 -0.6380026527443283 0.0 0.0 0.0 0.0 0.0 0.0
-3.3929327 3.5505989 3.30101 -0.581355827001697 0.595631804638817 0.5542996984609311 0.0 0.5542996984609311 -0.595631804638817 0.0 0.0 0.0 0.0 0.0 0.0
-3.3837755 3.3382251 3.6960557 -0.5632713211372162 0.5294525087883994 0.6343543644698953 0.0 0.6343543644698953 -0.5294525087883994 0.0 0.0 0.0 0.0 0.0 0.0
-2.998239 3.5493076 3.7920873 -0.49612565300064315 0.6021203866545366 0.6255480608312018 0.0 0.6255480608312018 -0.6021203866545366 0.0 0.0 0.0 0.0 0.0 0.0
-3.186194 3.9420052 3.670228 -0.5160093304374493 0.6443839776952064 0.5643612851633245 0.0 0.5643612851633245 -0.6443839776952064 0.0 0.0 0.0 0.0 0.0 0.0
-3.529702 3.8584177 3.9425924 -0.567265896684445 0.5732992025667055 0.5912169033401973 0.0 0.5912169033401973 -0.5732992025667055 0.0 0.0 0.0 0.0 0.0 0.0
-3.2258747 3.809932 4.2698994 -0.48668082654164996 0.568773647605753 0.6630522685776615 0.0 0.6630522685776615 -0.568773647605753 0.0 0.0 0.0 0.0 0.0 0.0
-3.0687954 4.2189484 4.1871333 -0.4478706652469493 0.6403372743623912 0.6240032389927147 0.0 0.6240032389927147 -0.6403372743623912 0.0 0.0 0.0 0.0 0.0 0.0
-2.7222352 4.11869 3.91653 -0.42576601780675843 0.6345440790502497 0.6450403939469572 0.0 0.6450403939469572 -0.6345440790502497 0.0 0.0 0.0 0.0 0.0 0.0
-2.6355953 4.350317 3.5453162 -0.4158193281498442 0.711229257893134 0.5667867580085073 0.0 0.5667867580085073 -0.711229257893134 0.0 0.0 0.0 0.0 0.0 0.0
-2.1981688 4.246772 3.5213668 -0.3493373391373949 0.7195109358634961 0.600222822506143 0.0 0.600222822506143 -0.7195109358634961 0.0 0.0 0.0 0.0 0.0 0.0
-2.1566095 3.8078191 3.421343 -0.4043615534063414 0.683133148729389 0.6081289626665393 0.0 0.6081289626665393 -0.683133148729389 0.0 0.0 0.0 0.0 0.0 0.0
-1.8297724 3.5270016 3.3473823 -0.3355869476207181 0.6540072974584255 0.6779792441201544 0.0 0.6779792441201544 -0.6540072974584255 0.0 0.0 0.0 0.0 0.0 0.0
-1.8912892 3.3067622 2.9687722 -0.3959081098535096 0.6999426220645156 0.5944216469558221 0.0 0.5944216469558221 -0.6999426220645156 0.0 0.0 0.0 0.0 0.0 0.0
-1.7237616 2.898568 3.0227757 -0.35717139112599855 0.6075204208592502 0.7094698975996928 0.0 0.7094698975996928 -0.6075204208592502 0.0 0.0 0.0 0.0 0.0 0.0
-1.5760742 2.671989 2.803123 -0.3993417940774681 0.6310276527755297 0.6650791178014797 0.0 0.6650791178014797 -0.6310276527755297 0.0 0.0 0.0 0.0 0.0 0.0
-1.4810989 3.0018785 2.5133836 -0.36091717904164367 0.7205291937310692 0.5920949846552306 0.0 0.5920949846552306 -0.7205291937310692 0.0 0.0 0.0 0.0 0.0 0.0
-1.2890351 2.7228224 2.2202396 -0.32629920449519983 0.699963081672962 0.6352798701680152 0.0 0.6352798701680152 -0.699963081672962 0.0 0.0 0.0 0.0 0.0 0.0
-1.6676451 2.4917822 2.1750412 -0.4628162628959037 0.660061454848324 0.5917093734449234 0.0 0.5917093734449234 -0.660061454848324 0.0 0.0 0.0 0.0 0.0 0.0
-1.964076 2.8263679 2.11599 -0.4797207513340997 0.7025846448212101 0.5255880683585779 0.0 0.5255880683585779 -0.7025846448212101 0.0 0.0 0.0 0.0 0.0 0.0
-1.6845504 3.13313 1.9474056 -0.4249900669308024 0.7689541806459839 0.47759073596251406 0.0 0.47759073596251406 -0.7689541806459839 0.0 0.0 0.0 0.0 0.0 0.0
-1.7291619 3.5673869 1.8545434 -0.3875445909097152 0.823256084397239 0.4147994811466709 0.0 0.414799481146671 -0.8232560843972391 0.0 0.0 0.0 0.0 0.0 0.0
-2.0956798 3.4618456 1.6198639 -0.4779796240801413 0.7978633101519906 0.3673548928182599 0.0 0.3673548928182599 -0.7978633101519906 0.0 0.0 0.0 0.0 0.0 0.0
-2.3086407 3.3856542 2.0103312 -0.5115771003421313 0.7118821250694757 0.48115767728687875 0.0 0.48115767728687875 -0.7118821250694757 0.0 0.0 0.0 0.0 0.0 0.0
-2.1931205 3.7958443 2.1476874 -0.4326550234796176 0.7883243000076017 0.43744077161985784 0.0 0.43744077161985784 -0.7883243000076017 0.0 0.0 0.0 0.0 0.0 0.0
-2.3378727 3.9845035 1.7621508 -0.4548561884157101 0.829497215975674 0.3240990844611227 0.0 0.3240990844611227 -0.829497215975674 0.0 0.0 0.0 0.0 0.0 0.0
-2.7161305 3.7431324 1.77753 -0.5484547852970858 0.7509008053437639 0.367893094551684 0.0 0.367893094551684 -0.7509008053437639 0.0 0.0 0.0 0.0 0.0 0.0
-2.8010094 3.8899977 2.1942945 -0.5338717321295589 0.7264793139290442 0.43267629940426594 0.0 0.43267629940426594 -0.7264793139290442 0.0 0.0 0.0 0.0 0.0 0.0
-2.7620335 4.3239026 2.0908666 -0.4718274428323456 0.7990596577764187 0.37266946145951163 0.0 0.37266946145951163 -0.7990596577764187 0.0 0.0 0.0 0.0 0.0 0.0
-3.1609533 4.3244896 1.8962198 -0.5544341382304502 0.7555138981310118 0.3490007680443433 0.0 0.34900076804434327 -0.7555138981310116 0.0 0.0 0.0 0.0 0.0 0.0
-3.4246302 4.161658 2.2207093 -0.5826512265393111 0.7141822120538482 0.3878934340745001 0.0 0.3878934340745001 -0.7141822120538482 0.0 0.0 0.0 0.0 0.0 0.0
-3.1595445 4.27753 2.566213 -0.5521611722383473 0.699399286335106 0.4538267049726346 0.0 0.4538267049726346 -0.699399286335106 0.0 0.0 0.0 0.0 0.0 0.0
-2.9639587 4.658723 2.447171 -0.49385923420195815 0.7691389393700677 0.4056209421838854 0.0 0.4056209421838854 -0.7691389393700677 0.0 0.0 0.0 0.0 0.0 0.0
-2.8551302 4.765673 2.8728578 -0.4672665815167504 0.7460864119512716 0.4743595763756938 0.0 0.4743595763756938 -0.7460864119512716 0.0 0.0 0.0 0.0 0.0 0.0
-2.6478047 4.379784 2.980277 -0.4513883307415544 0.7379715896979822 0.5016438055722272 0.0 0.5016438055722272 -0.7379715896979822 0.0 0.0 0.0 0.0 0.0 0.0
-2.2005165 4.3943415 2.9692419 -0.3641819994995881 0.7746402727174481 0.5170144283525557 0.0 0.5170144283525556 -0.7746402727174478 0.0 0.0 0.0 0.0 0.0 0.0
-1.95398 4.0238323 2.9213433 -0.40248138379935006 0.7439696031182844 0.5334022547111914 0.0 0.5334022547111914 -0.7439696031182844 0.0 0.0 0.0 0.0 0.0 0.0
-1.5507163 3.8986852 3.061517 -0.2891143224867766 0.7430914895070503 0.6035130046280741 0.0 0.6035130046280741 -0.7430914895070503 0.0 0.0 0.0 0.0 0.0 0.0
-1.4583236 3.5228927 2.8329422 -0.28646278256477903 0.7597425443196827 0.5837211153932151 0.0 0.5837211153932151 -0.7597425443196827 0.0 0.0 0.0 0.0 0.0 0.0
-1.1748064 3.2208266 3.0054004 -0.2601147840161822 0.6929078904827735 0.6724722703895885 0.0 0.6724722703895885 -0.6929078904827735 0.0 0.0 0.0 0.0 0.0 0.0
-1.0410895 2.8622918 2.782461 -0.2457419379161068 0.7201164966591045 0.648878363939386 0.0 0.648878363939386 -0.7201164966591045 0.0 0.0 0.0 0.0 0.0 0.0
-0.7382015 2.8618224 2.457737 -0.18325385604831737 0.7643332330463949 0.6182335587011337 0.0 0.6182335587011337 -0.7643332330463949 0.0 0.0 0.0 0.0 0.0 0.0
-0.6884246 3.3115757 2.418056 -0.15433329573788981 0.795534992934417 0.5859226133573596 0.0 0.5859226133573597 -0.7955349929344171 0.0 0.0 0.0 0.0 0.0 0.0
-0.2871566 3.3646398 2.240432 -0.08042144560156726 0.8440625406144022 0.53017998700339 0.0 0.53017998700339 -0.8440625406144022 0.0 0.0 0.0 0.0 0.0 0.0
-0.029936608 3.6529703 2.0191362 0.025071951867753184 0.8752743302856187 0.4829764424613304 0.0 0.4829764424613304 -0.8752743302856187 0.0 0.0 0.0 0.0 0.0 0.0
-0.20814745 3.5248885 1.638765 -0.039520858029344956 0.9049052331586629 0.42377425686642467 0.0 0.42377425686642467 -0.9049052331586629 0.0 0.0 0.0 0.0 0.0 0.0
-0.63559526 3.5959146 1.7333882 -0.1690363419609318 0.8710802547816385 0.4611354517124254 0.0 0.4611354517124254 -0.8710802547816385 0.0 0.0 0.0 0.0 0.0 0.0
-0.63489085 3.8963373 2.059756 -0.12845470499753917 0.8782887693947157 0.4605520886057419 0.0 0.4605520886057419 -0.8782887693947157 0.0 0.0 0.0 0.0 0.0 0.0
-0.7372623 4.2386713 1.7900916 -0.15425204955475455 0.914360397508974 0.3743679589326369 0.0 0.3743679589326369 -0.914360397508974 0.0 0.0 0.0 0.0 0.0 0.0
-1.0797137 4.0058703 1.6170462 -0.24442343452307663 0.9089299783779365 0.3377920648295741 0.0 0.3377920648295741 -0.9089299783779365 0.0 0.0 0.0 0.0 0.0 0.0
-1.2599202 3.9698286 2.0213666 -0.28866184348577223 0.8281062653651203 0.4805354860761362 0.0 0.4805354860761362 -0.8281062653651203 0.0 0.0 0.0 0.0 0.0 0.0
-1.2218832 4.4113646 2.0853488 -0.20917944186288942 0.8712917651078433 0.4439533997585658 0.0 0.4439533997585658 -0.8712917651078433 0.0 0.0 0.0 0.0 0.0 0.0
-1.3772013 4.5017614 1.6764499 -0.2417250309352717 0.9197830510160802 0.3091409847996425 0.0 0.3091409847996425 -0.9197830510160802 0.0 0.0 0.0 0.0 0.0 0.0
-1.7279879 4.241254 1.7845739 -0.3539333919223655 0.8575292497870475 0.373329264647165 0.0 0.373329264647165 -0.8575292497870475 0.0 0.0 0.0 0.0 0.0 0.0
-1.8241372 4.505753 2.1351259 -0.3379110258640888 0.8412272458153871 0.42208157919688655 0.0 0.42208157919688655 -0.8412272458153871 0.0 0.0 0.0 0.0 0.0 0.0
-1.6433436 4.310284 2.4933085 -0.2934211942903836 0.8285928828148337 0.47679957769466247 0.0 0.47679957769466247 -0.8285928828148337 0.0 0.0 0.0 0.0 0.0 0.0
-1.549777 4.5628085 2.856187 -0.267451661381555 0.8069506743929907 0.5265930287432066 0.0 0.5265930287432066 -0.8069506743929907 0.0 0.0 0.0 0.0 0.0 0.0
-1.1759803 4.343156 2.9665418 -0.22868452770220782 0.7995270610050623 0.5553916325533054 0.0 0.5553916325533054 -0.7995270610050623 0.0 0.0 0.0 0.0 0.0 0.0
-0.98720366 3.94224 2.90209 -0.17670400451130866 0.7985698938636856 0.575379717581537 0.0 0.575379717581537 -0.7985698938636856 0.0 0.0 0.0 0.0 0.0 0.0
-0.866518 3.6211553 3.1907728 -0.17293790064490028 0.7479504827653688 0.6408295856556455 0.0 0.6408295856556455 -0.7479504827653688 0.0 0.0 0.0 0.0 0.0 0.0
-0.48591217 3.4363701 3.045316 -0.08407310995409961 0.752211581809712 0.6535361109946235 0.0 0.6535361109946235 -0.752211581809712 0.0 0.0 0.0 0.0 0.0 0.0
-0.3187368 3.0594037 3.2109652 -0.04409831067777655 0.7031334303967494 0.7096891700271788 0.0 0.7096891700271788 -0.7031334303967494 0.0 0.0 0.0 0.0 0.0 0.0
-0.021131722 2.794083 3.0122097 -0.0010749922613460183 0.6901970935360675 0.7236206302103355 0.0 0.7236206302103355 -0.6901970935360675 0.0 0.0 0.0 0.0 0.0 0.0
0.064686544 3.0622213 2.6548488 0.026013747738696597 0.7608329028039568 0.6484262324578582 0.0 0.6484262324578582 -0.7608329028039568 0.0 0.0 0.0 0.0 0.0 0.0
0.21483916 3.3498476 2.964898 0.049137105212930555 0.7480840996666861 0.6617822336064767 0.0 0.6617822336064767 -0.7480840996666861 0.0 0.0 0.0 0.0 0.0 0.0
0.33939895 3.109885 3.322024 0.06972580396676316 0.6677960840131456 0.7410713207498293 0.0 0.7410713207498293 -0.6677960840131456 0.0 0.0 0.0 0.0 0.0 0.0
0.5517727 2.7586288 3.1394696 0.13703935951433105 0.6480138678074541 0.7491983990059813 0.0 0.7491983990059813 -0.6480138678074541 0.0 0.0 0.0 0.0 0.0 0.0
0.99765205 2.7750647 3.1185727 0.22669233717163673 0.6347968535185753 0.7386768840505148 0.0 0.7386768840505148 -0.6347968535185753 0.0 0.0 0.0 0.0 0.0 0.0
1.3496127 2.9340222 3.3418643 0.30205016894552095 0.6464347372919009 0.7006338743326169 0.0 0.7006338743326169 -0.6464347372919009 0.0 0.0 0.0 0.0 0.0 0.0
1.2864523 3.3141584 3.5784225 0.26813287909132644 0.6511203200735481 0.7100331597450336 0.0 0.7100331597450336 -0.6511203200735481 0.0 0.0 0.0 0.0 0.0 0.0
1.5145575 3.539094 3.262738 0.32264745937842504 0.6894222483995398 0.6485334072878366 0.0 0.6485334072878366 -0.6894222483995398 0.0 0.0 0.0 0.0 0.0 0.0
1.2485327 3.3696878 2.9449403 0.2861117840947018 0.7092316567258968 0.6443062192001459 0.0 0.6443062192001459 -0.7092316567258968 0.0 0.0 0.0 0.0 0.0 0.0
0.8800188 3.464663 3.1786807 0.17473815784343263 0.7202503285421685 0.6713464384566155 0.0 0.6713464384566155 -0.7202503285421685 0.0 0.0 0.0 0.0 0.0 0.0
1.0113877 3.8882368 3.2446587 0.23762451869355322 0.7431714296954801 0.6254844635960459 0.0 0.6254844635960459 -0.7431714296954801 0.0 0.0 0.0 0.0 0.0 0.0
1.0773656 3.9569147 2.8073492 0.24299454025190334 0.7998283601276699 0.5488426438818769 0.0 0.5488426438818769 -0.7998283601276699 0.0 0.0 0.0 0.0 0.0 0.0
0.68619394 3.7709556 2.7062693 0.1443282671126706 0.785325507230496 0.6020242511771581 0.0 0.6020242511771581 -0.785325507230496 0.0 0.0 0.0 0.0 0.0 0.0
0.4863818 4.0436726 3.0011742 0.10101058319652086 0.8072641102740516 0.5814821737127827 0.0 0.5814821737127827 -0.8072641102740516 0.0 0.0 0.0 0.0 0.0 0.0
0.6928857 4.388119 2.8000705 0.17363705344596736 0.8296174456594567 0.53064589655257 0.0 0.53064589655257 -0.8296174456594567 0.0 0.0 0.0 0.0 0.0 0.0
0.5559991 4.2299833 2.4078424 0.10013746185080195 0.8650533001215299 0.4915844552901664 0.0 0.4915844552901664 -0.8650533001215299 0.0 0.0 0.0 0.0 0.0 0.0
0.13019489 4.19359 2.54062 0.009080583156573716 0.8403720842622148 0.5419338548220785 0.0 0.5419338548220785 -0.8403720842622148 0.0 0.0 0.0 0.0 0.0 0.0
0.11986381 4.6061287 2.7203572 0.02954197576087019 0.8615672643203283 0.5067831101366046 0.0 0.5067831101366046 -0.8615672643203283 0.0 0.0 0.0 0.0 0.0 0.0
0.28868282 4.7862177 2.336112 0.08543101296352874 0.9085584694842098 0.4089291497955795 0.0 0.4089291497955795 -0.9085584694842098 0.0 0.0 0.0 0.0 0.0 0.0
0.014792207 4.558582 2.0676217 0.005830130297992026 0.9166374680137777 0.39967707191431356 0.0 0.39967707191431356 -0.9166374680137777 0.0 0.0 0.0 0.0 0.0 0.0
-0.34526885 4.663184 2.3106365 -0.07335735482327267 0.8844243399516858 0.46088207319699204 0.0 0.46088207319699204 -0.8844243399516858 0.0 0.0 0.0 0.0 0.0 0.0
-0.23338813 5.100728 2.3280113 -0.003392462304947555 0.9072697823634364 0.42053541255132404 0.0 0.42053541255132404 -0.9072697823634364 0.0 0.0 0.0 0.0 0.0 0.0
-0.19429445 5.077366 1.8823668 -0.056019635612992356 0.9380140934897182 0.3420399988896765 0.0 0.3420399988896765 -0.9380140934897182 0.0 0.0 0.0 0.0 0.0 0.0
-0.5986147 4.917704 1.7946702 -0.1229661328942389 0.9269740813711863 0.35439862108518677 0.0 0.35439862108518677 -0.9269740813711863 0.0 0.0 0.0 0.0 0.0 0.0
-2.081592 -0.5058699 3.7585115 -0.5042794949170625 -0.12178011180149342 0.8549104019578943 -0.0 0.8549104019578943 0.12178011180149342 0.0 0.0 0.0 0.0 0.0 0.0
-1.7447759 -0.22552244 3.8201458 -0.3708001374419676 -0.025115521061859464 0.9283730223756016 -0.0 0.9283730223756016 0.025115521061859464 0.0 0.0 0.0 0.0 0.0 0.0
-1.4617282 -0.5652735 3.7893875 -0.3452351861903345 -0.13371834068585356 0.9289413714440471 -0.0 0.9289413714440471 0.13371834068585356 0.0 0.0 0.0 0.0 0.0 0.0
-1.6834939 -0.75510687 3.4517496 -0.44524379815217935 -0.20844709214684173 0.8708086873605175 -0.0 0.8708086873605175 0.20844709214684173 0.0 0.0 0.0 0.0 0.0 0.0
-1.6777414 -0.37544027 3.2093215 -0.5046344207834688 -0.061634157524822944 0.8611302642380759 -0.0 0.8611302642380759 0.061634157524822944 0.0 0.0 0.0 0.0 0.0 0.0
-1.2454802 -0.33364642 3.2998357 -0.2893198645662692 -0.09975607175778757 0.9520203475319269 -0.0 0.9520203475319269 0.09975607175778757 0.0 0.0 0.0 0.0 0.0 0.0
-1.1628317 -0.7513501 3.1596622 -0.33159056106325646 -0.2848897695390001 0.8993806307819678 -0.0 0.8993806307819678 0.2848897695390001 0.0 0.0 0.0 0.0 0.0 0.0
-1.4182907 -0.76942945 2.7932615 -0.4525244339696494 -0.2735375046310085 0.8487631414126614 -0.0 0.8487631414126614 0.2735375046310085 0.0 0.0 0.0 0.0 0.0 0.0
-1.3843626 -0.33951634 2.661423 -0.3899008845127162 -0.10867867212817556 0.9144212631389639 -0.0 0.9144212631389639 0.10867867212817556 0.0 0.0 0.0 0.0 0.0 0.0
-1.7254051 -0.36417 2.377084 -0.601395919576078 -0.15499415646024903 0.7837727727986087 -0.0 0.7837727727986087 0.15499415646024903 0.0 0.0 0.0 0.0 0.0 0.0
-2.166471 -0.38471475 2.4207563 -0.6672105441573593 -0.0876273733349276 0.7396969198311304 -0.0 0.7396969198311304 0.0876273733349276 0.0 0.0 0.0 0.0 0.0 0.0
-2.421343 -0.46513268 2.0697348 -0.7520591531609685 -0.14372874777985647 0.643233299206782 -0.0 0.643233299206782 0.14372874777985647 0.0 0.0 0.0 0.0 0.0 0.0
-2.7627378 -0.18314159 2.06093 -0.8071090855756039 -0.024218552746152828 0.5899054040133844 -0.0 0.5899054040133844 0.024218552746152828 0.0 0.0 0.0 0.0 0.0 0.0
-3.0671518 -0.426626 1.8505518 -0.8510009123971031 -0.15182299743187094 0.5027397184926812 -0.0 0.5027397184926812 0.15182299743187094 0.0 0.0 0.0 0.0 0.0 0.0
-3.3945763 -0.22352666 1.6291384 -0.8874712719225625 0.02169269248910375 0.46035222233060036 0.0 0.46035222233060036 -0.02169269248910375 0.0 0.0 0.0 0.0 0.0 0.0
-3.6456916 -0.48039448 1.3577131 -0.9284392624916515 -0.1129345280744397 0.353901579867287 -0.0 0.353901579867287 0.1129345280744397 0.0 0.0 0.0 0.0 0.0 0.0
-4.056469 -0.49459973 1.1797371 -0.9619952499087345 -0.1058980569240379 0.2516957303824295 -0.0 0.2516957303824295 0.1058980569240379 0.0 0.0 0.0 0.0 0.0 0.0
-4.1810284 -0.89058465 1.350317 -0.9285372329415471 -0.21465907177948548 0.3028862656906463 -0.0 0.3028862656906463 0.21465907177948548 0.0 0.0 0.0 0.0 0.0 0.0
-4.111059 -1.186194 1.6802067 -0.8890430618342919 -0.26978074132831364 0.369892938311416 -0.0 0.369892938311416 0.26978074132831364 0.0 0.0 0.0 0.0 0.0 0.0
-3.937779 -1.4698287 1.3874149 -0.9027448819766901 -0.3187968526827979 0.28882563041467496 -0.0 0.28882563041467496 0.3187968526827979 0.0 0.0 0.0 0.0 0.0 0.0
-3.6552007 -1.1725757 1.2087345 -0.9245390168321309 -0.2404660555099043 0.295641138041688 -0.0 0.295641138041688 0.2404660555099043 0.0 0.0 0.0 0.0 0.0 0.0
-3.5262973 -1.0367458 1.6155201 -0.8699116796927236 -0.27111695935216334 0.41200638816142365 -0.0 0.41200638816142365 0.27111695935216334 0.0 0.0 0.0 0.0 0.0 0.0
-3.4441183 -1.4540972 1.7544024 -0.8301477959899308 -0.3705378231142469 0.4166009582980042 -0.0 0.4166009582980042 0.3705378231142469 0.0 0.0 0.0 0.0 0.0 0.0
-3.2196524 -1.5608125 1.380958 -0.8549480134233951 -0.4149154627758171 0.31130218934809956 -0.0 0.31130218934809956 0.4149154627758171 0.0 0.0 0.0 0.0 0.0 0.0
-2.968537 -1.1911247 1.4131252 -0.8797068317989034 -0.2894679443684411 0.3772587961458885 -0.0 0.3772587961458885 0.2894679443684411 0.0 0.0 0.0 0.0 0.0 0.0
-2.8878846 -1.2677859 1.8504344 -0.7796204236693218 -0.36341452759595366 0.5100214467352103 -0.0 0.5100214467352103 0.36341452759595366 0.0 0.0 0.0 0.0 0.0 0.0
-2.7492368 -1.6802067 1.7458323 -0.7376311271940356 -0.4915222341252521 0.4629321910981968 -0.0 0.4629321910981968 0.4915222341252521 0.0 0.0 0.0 0.0 0.0 0.0
-2.5082178 -1.5186664 1.4013853 -0.7658031583811765 -0.4588364961111488 0.4505714066048339 -0.0 0.4505714066048339 0.4588364961111488 0.0 0.0 0.0 0.0 0.0 0.0
-2.3055882 -1.2230572 1.6670581 -0.7394829457690848 -0.3724612138550417 0.5607473736811486 -0.0 0.5607473736811486 0.3724612138550417 0.0 0.0 0.0 0.0 0.0 0.0
-2.2299836 -1.5266495 1.9915473 -0.6208867954723125 -0.483092969985705 0.6173497951392821 -0.0 0.6173497951392821 0.483092969985705 0.0 0.0 0.0 0.0 0.0 0.0
-2.0737262 -1.8230807 1.6939423 -0.6614641525384838 -0.5818792594243556 0.4731613914493755 -0.0 0.4731613914493755 0.5818792594243556 0.0 0.0 0.0 0.0 0.0 0.0
-1.7970182 -1.4980043 1.558582 -0.6188649700852995 -0.5163186069582739 0.5919638881806802 -0.0 0.5919638881806802 0.5163186069582739 0.0 0.0 0.0 0.0 0.0 0.0
-1.6385303 -1.429561 1.9718245 -0.567078548469601 -0.4498509404838171 0.6899681523167832 -0.0 0.6899681523167832 0.4498509404838171 0.0 0.0 0.0 0.0 0.0 0.0
-1.8965721 -1.1084763 2.1429913 -0.6405871482951959 -0.34323575951897556 0.6869041554878386 -0.0 0.6869041554878386 0.34323575951897556 0.0 0.0 0.0 0.0 0.0 0.0
-2.0328715 -1.2331533 2.551186 -0.5401490914741343 -0.39399653428764786 0.743643523436458 -0.0 0.743643523436458 0.39399653428764786 0.0 0.0 0.0 0.0 0.0 0.0
-2.2518196 -0.86229163 2.679385 -0.6033039014190406 -0.21390980004576932 0.7682883573092486 -0.0 0.7682883573092486 0.21390980004576932 0.0 0.0 0.0 0.0 0.0 0.0
-2.6386476 -0.83493775 2.4705331 -0.7150000107188772 -0.25259160128203556 0.6518991238173149 -0.0 0.6518991238173149 0.25259160128203556 0.0 0.0 0.0 0.0 0.0 0.0
-2.9245126 -0.5031698 2.5268843 -0.7565001304605823 -0.06597369252434053 0.6506573787392455 -0.0 0.6506573787392455 0.06597369252434053 0.0 0.0 0.0 0.0 0.0 0.0
-3.3409252 -0.58147454 2.3775537 -0.8053761906450009 -0.15638906914830109 0.5717618827738302 -0.0 0.5717618827738302 0.15638906914830109 0.0 0.0 0.0 0.0 0.0 0.0
-3.520075 -0.18032403 2.3115757 -0.8467990729958953 -0.0390320156476567 0.5304788701991565 -0.0 0.5304788701991565 0.0390320156476567 0.0 0.0 0.0 0.0 0.0 0.0
-3.948462 -0.10918056 2.4024422 -0.8386166529633966 -0.03737748634502143 0.543438159211329 -0.0 0.543438159211329 0.03737748634502143 0.0 0.0 0.0 0.0 0.0 0.0
-4.0143228 0.03240197 1.9839164 -0.8986617801210058 0.015529781752330005 0.4383672328407657 0.0 0.4383672328407657 -0.015529781752330005 0.0 0.0 0.0 0.0 0.0 0.0
-3.9990609 -0.40502468 1.8833059 -0.8933952426548589 -0.10379454182819828 0.4371174138470581 -0.0 0.4371174138470581 0.10379454182819828 0.0 0.0 0.0 0.0 0.0 0.0
-4.4242783 -0.5556469 1.8683964 -0.9173305721645689 -0.1263126149363222 0.3775576044528477 -0.0 0.3775576044528477 0.1263126149363222 0.0 0.0 0.0 0.0 0.0 0.0
-4.500705 -0.8132191 2.2305708 -0.889648608498122 -0.17154240189965447 0.42320037541081246 -0.0 0.42320037541081246 0.17154240189965447 0.0 0.0 0.0 0.0 0.0 0.0
-4.085114 -0.7232919 2.3768492 -0.84620472510271 -0.15494853384583324 0.5098318498023379 -0.0 0.5098318498023379 0.15494853384583324 0.0 0.0 0.0 0.0 0.0 0.0
-4.216835 -0.9328481 2.7511153 -0.8221068956288393 -0.17788530732427518 0.5408299821548922 -0.0 0.5408299821548922 0.17788530732427518 0.0 0.0 0.0 0.0 0.0 0.0
-4.275534 -1.3182672 2.5390937 -0.8361668962418677 -0.26270582059968717 0.48146710526502906 -0.0 0.48146710526502906 0.26270582059968717 0.0 0.0 0.0 0.0 0.0 0.0
-3.886593 -1.2819911 2.3229632 -0.8260718392332395 -0.2648869321990267 0.4974336433897504 -0.0 0.4974336433897504 0.2648869321990267 0.0 0.0 0.0 0.0 0.0 0.0
-3.6621273 -1.2347969 2.7131958 -0.7692685530661484 -0.24069388373562345 0.591855005551002 -0.0 0.591855005551002 0.24069388373562345 0.0 0.0 0.0 0.0 0.0 0.0
-3.8855367 -1.5865227 2.885889 -0.7687422546546686 -0.32242946517710624 0.5523355736271763 -0.0 0.5523355736271763 0.32242946517710624 0.0 0.0 0.0 0.0 0.0 0.0
-3.8092275 -1.8445644 2.5275888 -0.7952272617686014 -0.3721410886434335 0.478669627491961 -0.0 0.478669627491961 0.3721410886434335 0.0 0.0 0.0 0.0 0.0 0.0
-3.3683963 -1.7385536 2.5400329 -0.7451349411779276 -0.3658891115572193 0.5575832471296418 -0.0 0.5575832471296418 0.3658891115572193 0.0 0.0 0.0 0.0 0.0 0.0
-3.34703 -1.8389294 2.9785163 -0.6845604016020922 -0.39257733510479853 0.614215021405694 -0.0 0.614215021405694 0.39257733510479853 0.0 0.0 0.0 0.0 0.0 0.0
-3.1540267 -2.233623 2.874384 -0.6744055800819558 -0.48264915552671894 0.5587726784871159 -0.0 0.5587726784871159 0.48264915552671894 0.0 0.0 0.0 0.0 0.0 0.0
-2.8066447 -2.02031 2.6888945 -0.6518503806420385 -0.4568980820526256 0.6052563290651837 -0.0 0.6052563290651837 0.4568980820526256 0.0 0.0 0.0 0.0 0.0 0.0
-2.7088518 -1.8876498 3.1033108 -0.6134960523381251 -0.37767696484039054 0.6935291659292252 -0.0 0.6935291659292252 0.37767696484039054 0.0 0.0 0.0 0.0 0.0 0.0
-2.5866401 -2.3172107 3.1701105 -0.5586908646442611 -0.5052470144321375 0.6577157229156526 -0.0 0.6577157229156526 0.5052470144321375 0.0 0.0 0.0 0.0 0.0 0.0
-2.2904437 -2.2574549 2.8383424 -0.5563507236159059 -0.5495063265930917 0.6233110534606493 -0.0 0.6233110534606493 0.5495063265930917 0.0 0.0 0.0 0.0 0.0 0.0
-2.144048 -1.8851844 3.0373328 -0.5300321619672423 -0.43330810280090276 0.7289101421488203 -0.0 0.7289101421488203 0.43330810280090276 0.0 0.0 0.0 0.0 0.0 0.0
-2.3820148 -1.5767785 2.8172107 -0.5946832736033574 -0.3844679434478841 0.7060709628340122 -0.0 0.7060709628340122 0.3844679434478841 0.0 0.0 0.0 0.0 0.0 0.0
-2.5059874 -1.2222353 3.0514207 -0.5900047243600598 -0.28144480285393064 0.7567583816379717 -0.0 0.7567583816379717 0.28144480285393064 0.0 0.0 0.0 0.0 0.0 0.0
-2.9094858 -1.0899273 2.911834 -0.6891823651342487 -0.2694116208188916 0.6726403542426673 -0.0 0.6726403542426673 0.2694116208188916 0.0 0.0 0.0 0.0 0.0 0.0
-3.069852 -0.6910073 3.0282931 -0.7249779738061866 -0.16094202344480713 0.6697048622978391 -0.0 0.6697048622978391 0.16094202344480713 0.0 0.0 0.0 0.0 0.0 0.0
-3.370392 -0.39903736 2.8919938 -0.7460715334730422 -0.06881124104657713 0.6623007474303597 -0.0 0.6623007474303597 0.06881124104657713 0.0 0.0 0.0 0.0 0.0 0.0
-3.3169758 0.0 2.6947641 -0.7913691280416666 -0.0011366645824709544 0.6113375591080588 -0.0 0.6113375591080588 0.0011366645824709544 0.0 0.0 0.0 0.0 0.0 0.0
-3.5761917 0.34843862 2.578305 -0.8209159036501936 0.0778466169511563 0.5657181129886563 0.0 0.5657181129886563 -0.0778466169511563 0.0 0.0 0.0 0.0 0.0 0.0
-3.7791739 0.30183142 2.971942 -0.7718197476532384 0.06344727243496233 0.6326679387744059 0.0 0.6326679387744059 -0.06344727243496233 0.0 0.0 0.0 0.0 0.0 0.0
-4.0313454 0.6648275 3.0281758 -0.8015140446924259 0.13912193945287205 0.5815671260685726 0.0 0.5815671260685727 -0.13912193945287207 0.0 0.0 0.0 0.0 0.0 0.0
-4.3233156 0.5656258 3.3520782 -0.7897791881835713 0.08373293417949122 0.6076492653215276 0.0 0.6076492653215276 -0.08373293417949122 0.0 0.0 0.0 0.0 0.0 0.0
-4.325429 0.32777646 3.7272837 -0.7504036019753443 0.05483735512152328 0.6587012210598255 0.0 0.6587012210598255 -0.05483735512152328 0.0 0.0 0.0 0.0 0.0 0.0
-4.6385303 0.062338583 3.5451987 -0.8009660737649932 0.03209129171280304 0.5978490592730705 0.0 0.5978490592730705 -0.03209129171280304 0.0 0.0 0.0 0.0 0.0 0.0
-4.349848 -0.051420525 3.2209442 -0.8135834800043844 0.01597329247293273 0.5812286770209552 0.0 0.5812286770209552 -0.01597329247293273 0.0 0.0 0.0 0.0 0.0 0.0
-4.0307584 -0.095914535 3.523245 -0.7422057408896651 -0.020865431850140198 0.6698472004450946 -0.0 0.6698472004450946 0.020865431850140198 0.0 0.0 0.0 0.0 0.0 0.0
-4.284926 -0.3802536 3.7602725 -0.7447279445911187 -0.06880316761550247 0.6638120311286628 -0.0 0.6638120311286628 0.06880316761550247 0.0 0.0 0.0 0.0 0.0 0.0
-4.375675 -0.63289505 3.3998594 -0.808854692264202 -0.09718508070543685 0.5799216730649586 -0.0 0.5799216730649586 0.09718508070543685 0.0 0.0 0.0 0.0 0.0 0.0
-3.943766 -0.65379196 3.2825782 -0.7525217469295897 -0.1304058080257895 0.6455271842697096 -0.0 0.6455271842697096 0.1304058080257895 0.0 0.0 0.0 0.0 0.0 0.0
-3.8113408 -0.7742428 3.6959383 -0.7020585641701552 -0.1399644475616151 0.6982289924474004 -0.0 0.6982289924474004 0.1399644475616151 0.0 0.0 0.0 0.0 0.0 0.0
-4.157901 -1.0649214 3.7281055 -0.7470902537538311 -0.17006697578461127 0.6425989235079006 -0.0 0.6425989235079006 0.17006697578461127 0.0 0.0 0.0 0.0 0.0 0.0
-4.0192533 -1.2511153 3.3459735 -0.7481169919923614 -0.2291803761701338 0.622733748459819 -0.0 0.622733748459819 0.2291803761701338 0.0 0.0 0.0 0.0 0.0 0.0
-3.594623 -1.2981921 3.4837992 -0.692568701788623 -0.23876106240043496 0.6806921098295743 -0.0 0.6806921098295743 0.23876106240043496 0.0 0.0 0.0 0.0 0.0 0.0
-3.382719 -0.92404324 3.369336 -0.68573279394825 -0.17995841175677899 0.7052556312018391 -0.0 0.7052556312018391 0.17995841175677899 0.0 0.0 0.0 0.0 0.0 0.0
-2.9886124 -0.90631604 3.5776007 -0.6146070505419807 -0.22693824853394495 0.755484748209011 -0.0 0.755484748209011 0.22693824853394495 0.0 0.0 0.0 0.0 0.0 0.0
-2.9363701 -0.46912423 3.498122 -0.651613277991286 -0.11065886804434245 0.7504363736311 -0.0 0.7504363736311 0.11065886804434245 0.0 0.0 0.0 0.0 0.0 0.0
-3.1893637 -0.1141113 3.3795495 -0.6863927405660779 -0.015340402687724228 0.7270692386173185 -0.0 0.7270692386173185 0.015340402687724228 0.0 0.0 0.0 0.0 0.0 0.0
-3.0579948 0.21061282 3.09568 -0.7092383764940285 0.047718595139419284 0.7033518756540248 0.0 0.7033518756540248 -0.047718595139419284 0.0 0.0 0.0 0.0 0.0 0.0
-3.274008 0.58088756 2.9818034 -0.7176522934883275 0.15076618304594447 0.6798858313722241 0.0 0.6798858313722241 -0.15076618304594447 0.0 0.0 0.0 0.0 0.0 0.0
-3.1778586 0.9140644 2.6945293 -0.7522688888712424 0.21771998962337574 0.6218436499272334 0.0 0.6218436499272334 -0.21771998962337574 0.0 0.0 0.0 0.0 0.0 0.0
-3.2643814 1.2187134 3.0156143 -0.724879291689892 0.23470917378968809 0.6476585645369964 0.0 0.6476585645369964 -0.23470917378968809 0.0 0.0 0.0 0.0 0.0 0.0
-3.2194178 1.2661424 3.4599674 -0.6373936511705964 0.275125177990863 0.7197468095677203 0.0 0.7197468095677203 -0.275125177990863 0.0 0.0 0.0 0.0 0.0 0.0
-3.5920405 1.1186899 3.656962 -0.696312081458085 0.19500277564713145 0.690741198065834 0.0 0.690741198065834 -0.19500277564713145 0.0 0.0 0.0 0.0 0.0 0.0
-3.6263208 1.1830243 4.102489 -0.6407715335900529 0.24230811354990006 0.7284906449972715 0.0 0.7284906449972715 -0.24230811354990006 0.0 0.0 0.0 0.0 0.0 0.0
-3.9745245 0.9015028 4.130078 -0.6976576773734136 0.17720370040273692 0.6941704500808941 0.0 0.6941704500808941 -0.17720370040273692 0.0 0.0 0.0 0.0 0.0 0.0
-3.7574549 0.5746655 3.916178 -0.695386704230806 0.10456775588430471 0.7109872825925497 0.0 0.7109872825925497 -0.10456775588430471 0.0 0.0 0.0 0.0 0.0 0.0
-3.3896456 0.6588402 4.163184 -0.6152311739281705 0.12463077601764312 0.7784328951786438 0.0 0.7784328951786438 -0.12463077601764312 0.0 0.0 0.0 0.0 0.0 0.0
-3.62996 0.59861475 4.540972 -0.6087149408666416 0.12005178945929078 0.7842535869304924 0.0 0.7842535869304924 -0.12005178945929078 0.0 0.0 0.0 0.0 0.0 0.0
-3.842334 0.23233153 4.4002113 -0.6791576561248572 0.005399786825518029 0.7339725610874218 0.0 0.7339725610874218 -0.005399786825518029 0.0 0.0 0.0 0.0 0.0 0.0
-3.456915 0.04320263 4.270956 -0.624310347252682 0.010990148239102214 0.781099101878192 0.0 0.781099101878192 -0.010990148239102214 0.0 0.0 0.0 0.0 0.0 0.0
-3.2721295 0.1513266 4.6638885 -0.5539955133426628 0.05775875321424547 0.8305136348208473 0.0 0.8305136348208473 -0.05775875321424547 0.0 0.0 0.0 0.0 0.0 0.0
-3.5973234 -0.052711904 4.8972764 -0.6088025200031966 0.009302195486782062 0.7932672694602262 0.0 0.7932672694602262 -0.009302195486782062 0.0 0.0 0.0 0.0 0.0 0.0
-3.6037803 -0.40032873 4.6170464 -0.6331754266108295 -0.08573496330247835 0.7692453413597752 -0.0 0.769245341359775 0.08573496330247833 0.0 0.0 0.0 0.0 0.0 0.0
-3.1584878 -0.44458798 4.6297255 -0.5684856085504406 -0.08799139103569215 0.8179740998189609 -0.0 0.8179740998189609 0.08799139103569215 0.0 0.0 0.0 0.0 0.0 0.0
-3.0975583 -0.42322144 4.1849027 -0.6049513662828702 -0.07226669864485726 0.7929762724693987 -0.0 0.7929762724693987 0.07226669864485726 0.0 0.0 0.0 0.0 0.0 0.0
-2.778117 -0.19218127 3.9747598 -0.5574597517427776 -0.018683366540010682 0.8299937090132747 -0.0 0.8299937090132747 0.018683366540010682 0.0 0.0 0.0 0.0 0.0 0.0
-2.9286218 0.17844564 3.7700164 -0.6344841823585153 0.09676495687020045 0.7668548529276936 0.0 0.7668548529276936 -0.09676495687020045 0.0 0.0 0.0 0.0 0.0 0.0
-2.6914768 0.4171167 3.4812164 -0.6165341096999585 0.09603369888211098 0.7814494355078258 0.0 0.7814494355078258 -0.09603369888211098 0.0 0.0 0.0 0.0 0.0 0.0
-2.899742 0.8047665 3.3963373 -0.6138087557107538 0.18630267843775247 0.7671571699591523 0.0 0.7671571699591523 -0.18630267843775247 0.0 0.0 0.0 0.0 0.0 0.0
-2.789035 1.0505989 3.0385067 -0.6486263772246653 0.2657030077475013 0.7132220793289686 0.0 0.7132220793289686 -0.2657030077475013 0.0 0.0 0.0 0.0 0.0 0.0
-2.6321907 1.4564453 3.0885186 -0.5909455860888198 0.34104164640932383 0.7310772255354143 0.0 0.7310772255354143 -0.34104164640932383 0.0 0.0 0.0 0.0 0.0 0.0
-2.4935431 1.7795259 2.80641 -0.6125080250190783 0.46477025395883953 0.6393923133118383 0.0 0.6393923133118383 -0.46477025395883953 0.0 0.0 0.0 0.0 0.0 0.0
-2.3759098 2.1223292 3.0658607 -0.5420911370927788 0.4754413983324726 0.6928872028238948 0.0 0.6928872028238948 -0.4754413983324726 0.0 0.0 0.0 0.0 0.0 0.0
-2.1303122 2.2123737 3.4335525 -0.4595292172894968 0.4945957136149355 0.7377045333539948 0.0 0.7377045333539948 -0.4945957136149355 0.0 0.0 0.0 0.0 0.0 0.0
-2.5057526 2.3145106 3.657549 -0.5070432586044867 0.466154538614649 0.7249876412965308 0.0 0.7249876412965308 -0.466154538614649 0.0 0.0 0.0 0.0 0.0 0.0
-2.6978164 1.9258043 3.5440245 -0.5830319614912175 0.4037337628195849 0.7050338861638089 0.0 0.7050338861638089 -0.4037337628195849 0.0 0.0 0.0 0.0 0.0 0.0
-2.3210847 1.7135478 3.6544964 -0.4648849872647786 0.37533670487473003 0.8018754931967971 0.0 0.8018754931967971 -0.37533670487473003 0.0 0.0 0.0 0.0 0.0 0.0
-2.318267 1.9032638 4.058347 -0.45143011096327446 0.3850302856106987 0.8049612003557871 0.0 0.8049612003557871 -0.3850302856106987 0.0 0.0 0.0 0.0 0.0 0.0
-2.7478282 1.8054708 4.1335998 -0.5494979935860577 0.3454621379851981 0.760728510221349 0.0 0.760728510221349 -0.3454621379851981 0.0 0.0 0.0 0.0 0.0 0.0
-2.6627142 1.376849 4.0230103 -0.51724533778208 0.2714659057381608 0.8116424844501807 0.0 0.8116424844501807 -0.2714659057381608 0.0 0.0 0.0 0.0 0.0 0.0
-2.3100493 1.3675747 4.3065276 -0.426845187840282 0.2866593160117237 0.8576885344699934 0.0 0.8576885344699934 -0.2866593160117237 0.0 0.0 0.0 0.0 0.0 0.0
-2.578422 1.5285279 4.630313 -0.46263641934180916 0.3170297360371488 0.8279249301517655 0.0 0.8279249301517655 -0.3170297360371488 0.0 0.0 0.0 0.0 0.0 0.0
-2.846795 1.1813806 4.5490727 -0.5392806995228341 0.2156560071326946 0.8140447246372561 0.0 0.8140447246372561 -0.2156560071326946 0.0 0.0 0.0 0.0 0.0 0.0
-2.5022306 0.9051421 4.6097674 -0.4704532264392689 0.1668457844664034 0.8665080760954698 0.0 0.8665080760954698 -0.1668457844664034 0.0 0.0 0.0 0.0 0.0 0.0
-2.3646395 0.8311811 4.189364 -0.5186220196517042 0.17060732272372042 0.8378092516590109 0.0 0.8378092516590109 -0.17060732272372042 0.0 0.0 0.0 0.0 0.0 0.0
-1.9421226 0.84890825 4.0507164 -0.40815404260657995 0.17802094099595614 0.8953875261979143 0.0 0.8953875261979143 -0.17802094099595614 0.0 0.0 0.0 0.0 0.0 0.0
-1.978751 0.6112938 3.6738675 -0.47168399353754675 0.1170592679237778 0.8739630072455131 0.0 0.8739630072455131 -0.1170592679237778 0.0 0.0 0.0 0.0 0.0 0.0
-2.2094388 0.852078 3.383306 -0.5178330792431752 0.2299420272187933 0.823999736747557 0.0 0.823999736747557 -0.2299420272187933 0.0 0.0 0.0 0.0 0.0 0.0
-2.3640528 0.7883306 2.976638 -0.6589044118376 0.2013286647019871 0.724783929754421 0.0 0.724783929754421 -0.2013286647019871 0.0 0.0 0.0 0.0 0.0 0.0
-2.2274008 1.1343039 2.7263446 -0.5865387768061044 0.33995243320510976 0.7351221711122066 0.0 0.7351221711122066 -0.33995243320510976 0.0 0.0 0.0 0.0 0.0 0.0
-2.5461376 1.201808 2.4186432 -0.7324543747395844 0.30638620597231236 0.6079786852470541 0.0 0.6079786852470541 -0.30638620597231236 0.0 0.0 0.0 0.0 0.0 0.0
-2.5412068 1.319089 2.0871098 -0.7066762859631653 0.408336474303516 0.5778148065000417 0.0 0.5778148065000417 -0.408336474303516 0.0 0.0 0.0 0.0 0.0 0.0
-2.100258 1.2443062 2.0501294 -0.6581253659967315 0.4248698351550558 0.6215759211930462 0.0 0.6215759211930462 -0.4248698351550558 0.0 0.0 0.0 0.0 0.0 0.0
-2.0876968 1.3874149 1.6245598 -0.7370038002709902 0.437516933967188 0.5151740782280002 0.0 0.5151740782280002 -0.437516933967188 0.0 0.0 0.0 0.0 0.0 0.0
-2.2177742 1.7951399 1.7595681 -0.6571358812362282 0.5417236252517413 0.5241258889198253 0.0 0.5241258889198251 -0.5417236252517412 0.0 0.0 0.0 0.0 0.0 0.0
-1.9567974 1.8533694 2.1121159 -0.5616105229977431 0.5295725838581817 0.6357251755939595 0.0 0.6357251755939595 -0.5295725838581817 0.0 0.0 0.0 0.0 0.0 0.0
-1.6112938 1.5911013 1.9849731 -0.5109021176575058 0.5173614174211134 0.6865247191012809 0.0 0.6865247191012809 -0.5173614174211134 0.0 0.0 0.0 0.0 0.0 0.0
-1.2367927 1.4496361 2.1866639 -0.42345309523920077 0.5185523710329228 0.7428263017882946 0.0 0.7428263017882946 -0.5185523710329228 0.0 0.0 0.0 0.0 0.0 0.0
-1.1598967 1.8854191 2.2586288 -0.3845650487530245 0.6244559780853501 0.6798267828727055 0.0 0.6798267828727055 -0.6244559780853501 0.0 0.0 0.0 0.0 0.0 0.0
-1.4845035 1.8806058 2.5631604 -0.45523768683137 0.5045029240907039 0.7336453148983867 0.0 0.7336453148983867 -0.5045029240907039 0.0 0.0 0.0 0.0 0.0 0.0
-1.3146279 1.52031 2.7640293 -0.37310058919905986 0.4332545029197887 0.8204184822631931 0.0 0.8204184822631931 -0.4332545029197887 0.0 0.0 0.0 0.0 0.0 0.0
-0.9081945 1.7109652 2.7842216 -0.23600702636131277 0.5352903011795486 0.8110271123527246 0.0 0.8110271123527246 -0.5352903011795486 0.0 0.0 0.0 0.0 0.0 0.0
-1.0860531 2.0955625 2.9420054 -0.29149117035428984 0.5474143110403512 0.7844555243439261 0.0 0.7844555243439261 -0.5474143110403512 0.0 0.0 0.0 0.0 0.0 0.0
-1.2926743 1.8788449 3.274243 -0.3502805685114504 0.46478343936811306 0.8131911692907412 0.0 0.8131911692907412 -0.46478343936811306 0.0 0.0 0.0 0.0 0.0 0.0
-0.90760744 1.6931206 3.4164124 -0.19699329674921334 0.4174407915737351 0.8870945984314017 0.0 0.8870945984314017 -0.4174407915737351 0.0 0.0 0.0 0.0 0.0 0.0
-0.77142525 2.0885184 3.5749004 -0.19190946863097957 0.4777890339893036 0.8572563180574075 0.0 0.8572563180574075 -0.4777890339893036 0.0 0.0 0.0 0.0 0.0 0.0
-1.1071848 2.183259 3.855248 -0.25587653182477393 0.4819164657725947 0.8380236992344412 0.0 0.8380236992344412 -0.4819164657725947 0.0 0.0 0.0 0.0 0.0 0.0
-1.2716601 1.7714252 3.9065511 -0.3250237921766328 0.4202009173433694 0.8472253086298308 0.0 0.8472253086298308 -0.4202009173433694 0.0 0.0 0.0 0.0 0.0 0.0
-0.9229866 1.495539 3.9096036 -0.20884005625725666 0.3482218130562062 0.9138530515429242 0.0 0.9138530515429242 -0.3482218130562062 0.0 0.0 0.0 0.0 0.0 0.0
-1.1607186 1.1638882 4.090984 -0.2460897721965512 0.25968661234778423 0.9338108413311452 0.0 0.9338108413311452 -0.25968661234778423 0.0 0.0 0.0 0.0 0.0 0.0
-1.5031698 1.149918 3.8032403 -0.3603608197406561 0.2901312052060884 0.886546086428396 0.0 0.886546086428396 -0.2901312052060884 0.0 0.0 0.0 0.0 0.0 0.0
-1.4852079 0.8493779 3.4776945 -0.3555272664033362 0.17509421252188628 0.9181189354245515 0.0 0.9181189354245515 -0.17509421252188628 0.0 0.0 0.0 0.0 0.0 0.0
-1.7136652 0.8551304 3.0948582 -0.45970408981409766 0.2985439704320578 0.8363872593044772 0.0 0.8363872593044772 -0.2985439704320578 0.0 0.0 0.0 0.0 0.0 0.0
-1.8889412 0.5556469 2.817798 -0.5635428094522311 0.14770279333763464 0.8127751145027426 0.0 0.8127751145027426 -0.14770279333763464 0.0 0.0 0.0 0.0 0.0 0.0
-1.9828598 0.7839869 2.4491668 -0.5964695179789645 0.22708951161026647 0.7698405470216235 0.0 0.7698405470216235 -0.22708951161026647 0.0 0.0 0.0 0.0 0.0 0.0
-2.3166237 0.65743136 2.1883073 -0.7210641848434205 0.2074812179550345 0.6610733586614947 0.0 0.6610733586614947 -0.2074812179550345 0.0 0.0 0.0 0.0 0.0 0.0
-2.394576 0.8429209 1.7905612 -0.7505296041551411 0.2886955279876837 0.5944410865734632 0.0 0.5944410865734632 -0.2886955279876837 0.0 0.0 0.0 0.0 0.0 0.0
-2.1486263 0.8148627 1.4186429 -0.7800200143612461 0.29536746327606045 0.5516582627258896 0.0 0.5516582627258896 -0.29536746327606045 0.0 0.0 0.0 0.0 0.0 0.0
-1.8219067 0.55940366 1.5926275 -0.7283605394959601 0.19727865269887537 0.656179897356259 0.0 0.656179897356259 -0.19727865269887537 0.0 0.0 0.0 0.0 0.0 0.0
-1.6417 0.33963373 1.2475934 -0.7754790887519923 0.24147504272568485 0.5833712254208363 0.0 0.5833712254208363 -0.24147504272568485 0.0 0.0 0.0 0.0 0.0 0.0
-1.285513 0.12632072 1.0948579 -0.7726816195399963 0.011299043111774137 0.6346931908015138 0.0 0.6346931908015138 -0.011299043111774137 0.0 0.0 0.0 0.0 0.0 0.0
-1.065391 0.50187844 0.9914299 -0.7228374276032357 0.36594768833733443 0.5861640919200855 0.0 0.5861640919200855 -0.36594768833733443 0.0 0.0 0.0 0.0 0.0 0.0
-1.1292558 0.718596 1.3760272 -0.6170011861111496 0.36849742370115973 0.6953554379330348 0.0 0.6953554379330348 -0.36849742370115973 0.0 0.0 0.0 0.0 0.0 0.0
-1.1559051 0.40056354 1.6878376 -0.5353201073994451 0.1551458300795889 0.83027835936074 0.0 0.83027835936074 -0.1551458300795889 0.0 0.0 0.0 0.0 0.0 0.0
-0.7237615 0.4402442 1.790209 -0.3418852030185085 0.23136046530645551 0.910816580355328 0.0 0.910816580355328 -0.23136046530645551 0.0 0.0 0.0 0.0 0.0 0.0
-0.7487674 0.88905853 1.8303593 -0.37680275785434364 0.4872085488627896 0.7878118503731559 0.0 0.7878118503731559 -0.4872085488627896 0.0 0.0 0.0 0.0 0.0 0.0
-1.0766612 0.8283635 2.1274948 -0.5095512026625497 0.3548383958791432 0.7838668794349368 0.0 0.7838668794349368 -0.3548383958791432 0.0 0.0 0.0 0.0 0.0 0.0
-0.81908906 0.5562339 2.365579 -0.35339616778245075 0.1356848126967269 0.9255813201443361 0.0 0.9255813201443361 -0.1356848126967269 0.0 0.0 0.0 0.0 0.0 0.0
-0.48180324 0.849143 2.3317683 -0.14321136790747663 0.374112354186142 0.9162589429562868 0.0 0.9162589429562868 -0.374112354186142 0.0 0.0 0.0 0.0 0.0 0.0
-0.74994135 1.1621274 2.5118573 -0.26500329383064797 0.3958007551693435 0.8792695925973357 0.0 0.8792695925973357 -0.3958007551693435 0.0 0.0 0.0 0.0 0.0 0.0
-0.8048838 0.912186 2.87591 -0.28644109574264787 0.2808773295291212 0.9160018692264448 0.0 0.9160018692264448 -0.2808773295291212 0.0 0.0 0.0 0.0 0.0 0.0
-1.1992252 0.6945293 2.8271897 -0.3879229798915558 0.21352517784194552 0.8966173989498649 0.0 0.8966173989498649 -0.21352517784194552 0.0 0.0 0.0 0.0 0.0 0.0
-1.2909135 0.3348204 3.070909 -0.391297280519077 0.07000025247194105 0.9175981707219338 0.0 0.9175981707219338 -0.07000025247194105 0.0 0.0 0.0 0.0 0.0 0.0
-1.5071614 0.114346094 2.7421932 -0.49443110358175246 0.06529325867779673 0.8667610248402756 0.0 0.8667610248402756 -0.06529325867779673 0.0 0.0 0.0 0.0 0.0 0.0
-1.7322142 0.2194177 2.3669877 -0.5905545130318156 0.05957556005872213 0.8047957006479625 0.0 0.8047957006479625 -0.05957556005872213 0.0 0.0 0.0 0.0 0.0 0.0
-2.159075 0.14134774 2.2561636 -0.7006666465554401 0.07892566712915458 0.7091099981476584 0.0 0.7091099981476584 -0.07892566712915458 0.0 0.0 0.0 0.0 0.0 0.0
-2.192416 0.041793853 1.8235502 -0.7687042163522193 -0.01082139442868246 0.639512881172021 -0.0 0.639512881172021 0.01082139442868246 0.0 0.0 0.0 0.0 0.0 0.0
-2.583353 0.043907017 1.6094154 -0.8556022076175626 -9.422752661588999e-05 0.5176338990455772 -0.0 0.5176338990455772 9.422752661588999e-05 0.0 0.0 0.0 0.0 0.0 0.0
-2.6327777 0.071965255 1.165884 -0.9173619345007827 0.04601059705975925 0.39538602161329145 0.0 0.39538602161329145 -0.04601059705975925 0.0 0.0 0.0 0.0 0.0 0.0
-2.1975815 0.01760977 1.0610472 -0.8931873890858443 -0.016438509427673473 0.4493840933831648 -0.0 0.4493840933831648 0.016438509427673473 0.0 0.0 0.0 0.0 0.0 0.0
-2.2216482 -0.38624093 1.2571026 -0.8343784685091762 -0.18031180690065363 0.5208648803485443 -0.0 0.5208648803485443 0.18031180690065363 0.0 0.0 0.0 0.0 0.0 0.0
-2.6465132 -0.50727874 1.2495892 -0.8935252639059321 -0.15722575654434698 0.4205860961098122 -0.0 0.4205860961098122 0.15722575654434698 0.0 0.0 0.0 0.0 0.0 0.0
-2.8037097 -0.3742663 0.8487908 -0.9659844874154631 -0.05768349984299237 0.2520844777421821 -0.0 0.2520844777421821 0.05768349984299237 0.0 0.0 0.0 0.0 0.0 0.0
-2.8061752 -0.6660014 0.50986147 -0.9510117837603328 -0.23683758553935527 0.19870718463326562 -0.0 0.19870718463326562 0.23683758553935527 0.0 0.0 0.0 0.0 0.0 0.0
-2.889176 -1.1030759 0.5010566 -0.9183044773198724 -0.36871860482584295 0.14409537601727487 -0.0 0.14409537601727487 0.36871860482584295 0.0 0.0 0.0 0.0 0.0 0.0
-2.7794082 -1.3896455 0.83493775 -0.8680236312139726 -0.431175799247679 0.24621617696088643 -0.0 0.24621617696088643 0.431175799247679 0.0 0.0 0.0 0.0 0.0 0.0
-2.4187603 -1.5186664 0.5992017 -0.84441266181097 -0.5108062560504721 0.16138223369693505 -0.0 0.16138223369693505 0.5108062560504721 0.0 0.0 0.0 0.0 0.0 0.0
-2.283165 -1.1024889 0.5304062 -0.9144505272587173 -0.3763282566940005 0.14885320423124376 -0.0 0.14885320423124376 0.3763282566940005 0.0 0.0 0.0 0.0 0.0 0.0
-2.3568914 -1.0030524 0.9633717 -0.8564896637589622 -0.35721693412947164 0.37258759754613496 -0.0 0.37258759754613496 0.35721693412947164 0.0 0.0 0.0 0.0 0.0 0.0
-2.128434 -1.3599436 1.1168115 -0.7399761738495838 -0.5699377976362249 0.35722005677243296 -0.0 0.35722005677243296 0.5699377976362249 0.0 0.0 0.0 0.0 0.0 0.0
-1.7889177 -1.239258 0.85243016 -0.7459933969766019 -0.576740829951483 0.33296226022506614 -0.0 0.33296226022506614 0.576740829951483 0.0 0.0 0.0 0.0 0.0 0.0
-1.798427 -0.80828834 0.9685373 -0.8697527295427532 -0.28988924698793106 0.3993675173742864 -0.0 0.3993675173742864 0.28988924698793106 0.0 0.0 0.0 0.0 0.0 0.0
-1.8014793 -0.9496361 1.395985 -0.7099056926205376 -0.3999666181587184 0.5797073502584152 -0.0 0.5797073502584152 0.3999666181587184 0.0 0.0 0.0 0.0 0.0 0.0
-1.4148862 -1.1669407 1.3193239 -0.6170951134929088 -0.5914156794301487 0.519057911053622 -0.0 0.519057911053622 0.5914156794301487 0.0 0.0 0.0 0.0 0.0 0.0
-1.2332708 -0.80206627 1.1291384 -0.6608497779657911 -0.39592831845965704 0.6375879057857614 -0.0 0.6375879057857614 0.39592831845965704 0.0 0.0 0.0 0.0 0.0 0.0
-1.3359945 -0.5374501 1.4786335 -0.7066483992436289 -0.1633174592387373 0.6884587477505244 -0.0 0.6884587477505244 0.1633174592387373 0.0 0.0 0.0 0.0 0.0 0.0
-1.165884 -0.82308054 1.7764734 -0.49025196284343053 -0.38454591647276637 0.7821620363149082 -0.0 0.7821620363149082 0.38454591647276637 0.0 0.0 0.0 0.0 0.0 0.0
-0.7831651 -0.8467951 1.5379198 -0.37600856909074903 -0.5065822274507861 0.7758814360463379 -0.0 0.7758814360463379 0.5065822274507861 0.0 0.0 0.0 0.0 0.0 0.0
-0.76567274 -0.40690306 1.4645457 -0.46027538303750826 -0.11769204569105297 0.8799404264782532 -0.0 0.8799404264782532 0.11769204569105297 0.0 0.0 0.0 0.0 0.0 0.0
-0.8308289 -0.3332942 1.9060812 -0.4118875064962005 -0.1475557062266414 0.8992085384115854 -0.0 0.8992085384115854 0.1475557062266414 0.0 0.0 0.0 0.0 0.0 0.0
-0.5258277 -0.63794315 2.0234797 -0.2637318070475487 -0.4103209361003666 0.8729732317483472 -0.0 0.8729732317483472 0.4103209361003666 0.0 0.0 0.0 0.0 0.0 0.0
-0.26168114 -0.44364876 1.717422 -0.12508540966553786 -0.1814761895768341 0.9754076239734225 -0.0 0.9754076239734225 0.1814761895768341 0.0 0.0 0.0 0.0 0.0 0.0
-0.27799955 -0.07783517 1.9713547 -0.17304881401271863 -0.012842703289692498 0.9848295146577424 -0.0 0.9848295146577424 0.012842703289692498 0.0 0.0 0.0 0.0 0.0 0.0
