t = 0
b = 30 30 30
E = -0.866289278788171 -1.17072032538648 0.304431046598307
-83.0599065407721 -28.715782954132 -78.5180074766327 0.439881314202654 0.149129307476762 0.885587307421943 0.871600530431662 -0.308482868967811 -0.380986659746288 -0.166586204966061 -0.02551166002014 0.194819711618075 -0.134884060785061 -0.04911795605006 -0.00698720375785055
-83.3878907019563 -28.9556637221977 -78.2098535956929 0.261305198734891 0.899032051315977 0.351370123688264 0.924725629576442 -0.128782474222236 -0.35818652171411 0.127187225127311 -0.382672416019721 0.248078459524185 -0.651183197693962 0.112011698110087 0.191289072187813
-83.7068471892907 -28.9120237577823 -77.8438074438054 0.286568148091184 0.942827782655507 -0.170160126799698 0.873696542257139 -0.330054843085632 -0.357376765618077 0.481443175196256 0.482314517369474 -0.0761397468595421 -0.179989055708748 0.167155202374051 -0.942179891237486
-83.9482368540841 -28.681048424379 -77.4937488711097 0.0157327725624676 0.719211355209926 -0.694613206327521 0.942186231988431 -0.243222259504901 -0.230495198936494 0.0309517227175605 0.22644262959814 -0.771572643572992 0.223912794167414 0.221937068753957 -0.464066468204137
-84.1848109199884 -28.3370219250382 -77.3157115325297 -0.237943000837045 0.153208000871354 -0.959119615492075 0.91499306421836 -0.295916220905587 -0.274264986167124 0.12422750205494 -0.279136780417005 -0.0159808239277357 -0.114301536171659 -0.0666642274501296 -0.037723978860199
-84.5279640843522 -27.9767599638804 -77.2529644480343 -0.312234145037111 -0.431469085673082 -0.846371234613618 0.946526766724455 -0.217459093063481 -0.238324616265625 -0.377547112719465 -0.0807013797231233 0.221221819768258 -0.350589044736619 -0.0551251608310325 -0.0526051354594273
-85.0252548861872 -27.7731138085079 -77.3146049565945 -0.0307184672030836 -0.831351550484687 -0.554897265518042 0.996783793149692 0.0156306045753671 -0.0785986890140126 0.21169313893565 0.434252935369434 -0.300570582564514 0.263332438411033 -0.144524349003951 -0.123390499459259
-85.5081210018588 -27.7080521486656 -77.5142759510385 0.0888505987474047 -0.989014119284206 -0.118138236649761 0.996042111089266 0.0879392735115782 0.0129149955901849 -0.0840745036870809 0.435603072036863 -0.216832374739753 -0.290253969127556 -0.479277165700721 -0.210703227225782
-85.8769614040069 -27.8046016118885 -77.9198189829926 0.0206881169664389 -0.856549294638675 0.515650373480299 0.984055803241322 0.108575357563781 0.140874297999931 0.00389110780109269 0.0416245716723559 -0.306679913230268 -0.0182848211801355 -0.294231690081119 -0.125944227310789
-86.2542366552429 -28.1821054933209 -78.1948234368409 -0.042833847639268 -0.206501279088687 0.977508303407778 0.963381609451277 0.250675879556989 0.0951707832236183 -0.203136769791141 -0.207036162130418 0.214894603139917 -0.593572628053709 -0.212363254035622 0.181841768752071
-86.7136733172907 -28.3731721790857 -78.0580042915633 0.212658051575022 0.118481285667532 0.969916871719883 0.974821191620295 0.0424223186350138 -0.218915488829861 0.0128974635913912 0.0805824314236591 0.0908213736063811 -0.414341259626881 0.377101897001971 -0.0517185429039086
-87.0891190777202 -28.7022039402214 -77.7889203718828 0.262789934945689 0.682265931745734 0.682242367835922 0.918349648104039 0.040006385097783 -0.393742825939211 0.125556465536288 0.320605044734078 -0.461152958918227 -0.154796592983111 -0.259076918595318 -0.927604853012121
-87.3078615030945 -28.8315742630301 -77.3222007842502 0.076375489378404 0.985373317872899 0.152335842946971 0.945943029088372 -0.0233080131842466 -0.323494238342072 0.306637231762135 0.242533041217907 0.385782042202543 0.0740259602085609 -0.304253130267327 -0.0686840452651027
-87.6794359692621 -28.7721666692207 -76.94103571254 -0.20564522325553 0.782347350522828 -0.587913824707409 0.963596960870328 0.0569922875586859 -0.261214042808374 0.750902034908452 0.583203699167357 0.511558971716878 -0.0596201198374999 0.0214508119525127 0.299641104967398
-88.26398264529 -28.6662829528392 -76.8904510332674 0.0413449439922864 0.536779719982435 -0.842708803693098 0.98948799856141 -0.138979017385322 -0.0399791624417819 -0.0690965376567838 0.196761373547976 0.117221987814043 -0.495972724024675 -0.482156436264792 -0.355043188876519
-88.6378271531758 -28.2792973590698 -76.8724426039884 0.0246343346759455 0.055846716293901 -0.998135408566524 0.954340276242587 -0.298643258871152 0.00684405377246526 -0.0618105573936605 -0.037314853405996 0.316340117119803 0.239411165524945 -0.0120949869197794 -0.313979984092482
-88.9878769741923 -27.9028887761641 -76.9970172006917 0.0491588993093584 -0.632614673637974 -0.772904960080224 0.880038313336291 -0.338532944115047 0.333058572640031 0.321446192749653 -0.299886442458505 0.0442587617961219 0.0454415113624476 -0.168844750222586 -0.0134643417159831
-89.2070114180145 -27.6539533336537 -77.3651759646694 -0.286064357933942 -0.912896803783771 -0.291181401812027 0.889202829813731 -0.366141938259433 0.274332660284698 -0.11463987383055 0.0783735548994971 -0.282777664515552 0.523420108112525 0.0122825682800224 0.160698161430553
-89.4770287317722 -27.5427696812998 -77.7696297485404 -0.436139932781763 -0.874081803293403 0.213922790240947 0.871279115026037 -0.350716656909423 0.343322778571018 -0.247064946673759 0.202023003653993 -0.294745741034045 0.477534197891638 -0.053735894631827 0.552742402646653
-89.8693789440579 -27.5449590027315 -78.1351510755426 -0.396186628892996 -0.543532246630225 0.740005981029548 0.890622451917479 -0.42343618322667 0.165811479925027 -0.187369441493587 0.400615491456972 0.159859687610744 -0.211839742140179 0.373261757849228 0.172149658599357
-91.3364474585758 -26.8843437513483 -77.863737299164 -0.278514375414102 -0.959097502764047 -0.0506134653966916 -0.43344020237376 0.172544960058204 -0.88450993647596 -0.317823088734556 -0.0478274494652685 0.0715112698032416 0.168822513001887 -0.623388162810595 0.0692240055577748
-91.4364393797695 -27.0917798979757 -77.3383000490682 0.121409949333107 -0.871487513677388 -0.475151699678469 -0.318724690572538 0.419115890735999 -0.850150834706413 -0.580920863535879 0.0113022028815361 -0.268758050775903 -0.301101476312592 0.138634741458035 0.325847498258024
-91.3975373741033 -26.8407531683894 -77.0478478686873 0.0277332636386373 -0.800292222581301 0.598968467086399 -0.730722304121101 0.392646964548546 0.558456153597364 0.114939505998274 -0.287473158067249 0.271182626215815 0.201148506996477 0.00713984495916849 -0.265926834228503
-90.9216944583607 -27.0429449511927 -77.0671504619025 -0.501509720112332 -0.86123454535012 0.0822378168996593 -0.732762925467162 0.473377983687608 0.488847399114142 0.00839070858327247 0.483805244852844 -0.333037260133439 -0.14485746866082 -0.251093976268877 -0.43875109604089
-90.5933460946684 -27.438947396234 -77.0886368394426 -0.634552618681618 -0.679224616171109 -0.368777568341014 -0.771878328366143 0.532656425049765 0.347103700717656 -0.0612957605128746 -0.399715020760643 0.204727954182567 -0.250092911922122 0.121762908948387 -0.202522408260916
-90.3415007260922 -27.8389540901855 -77.1483181475913 -0.430199847755768 0.120075452611438 -0.894712231206812 -0.831220518348258 0.333923304498242 0.444485856456454 0.70172010359391 0.223169447128704 -0.21366320611844 1.07154344711476 0.0654932305689702 0.0220909331024392
-90.3208238396091 -28.306404901364 -77.3109877430022 0.345933341532754 0.603586729020863 -0.718340576443987 -0.856534280315306 0.515670442400054 0.0208091681638834 0.184139909160888 -0.598875430514492 0.0996588902298515 0.144449434171293 -0.0144493161085025 0.238861021934804
-90.0045568298916 -28.5734276634395 -77.5559902962079 0.537781213198573 0.826140168685962 -0.168177847572744 -0.840280731468461 0.508965636114098 -0.186767967215472 0.053435623503202 -0.0707317867069143 0.586022430596737 0.207725853657031 0.73983860035378 -0.26642183858776
-89.4946046630554 -28.749280796555 -77.7339727605194 0.150927652982744 0.926129341936078 0.345695365271459 -0.979113713700809 0.188239265783834 -0.0768265218539333 0.250247247638873 -0.17705206030978 -0.34246070231084 0.56320128119763 -0.00487979204189177 -0.0928486712869584
-88.9586493385238 -28.6170470041701 -77.9480342291593 0.00259985483023871 0.535593650564758 0.844471836255998 -0.997740878428141 -0.0553000919601108 0.0381449779478797 -0.0745525579247266 -0.134709350636363 0.415930856035963 0.323810861725806 -0.327838407734821 0.150476053756265
-88.5295832773497 -28.3364166995164 -78.0124281411736 -0.150274521732688 0.0901595431424045 0.984524669522488 -0.988541475541401 -0.028065566237864 -0.148317480851643 0.215083919809193 -0.0274849733072379 0.0481387295058996 0.495643467073227 -0.0237916060057019 0.511899152161244
-88.1568055955918 -27.9747470747452 -77.8381690114052 -0.126668462701323 -0.589504246999118 0.797771799029576 -0.934082046014852 -0.199780233892918 -0.29593679977049 0.148358800008029 0.0852942904590378 0.718047687712925 -0.530905425865224 0.0975412537134337 0.015945784228159
-87.8980005473527 -27.7565119270379 -77.4822651291089 0.0816433679143804 -0.954001896056677 0.288469656629362 -0.95964941709356 -0.153390741522044 -0.235678333088359 0.299323935297431 -0.275741884565396 0.00511390334166158 -0.523780459902388 0.0139738206377592 -0.115661949084213
-87.3527855849875 -27.6548117000345 -77.2711891907178 0.00846906441862963 -0.991190955496928 -0.132169454447539 -0.999786446947281 -0.00590165107621549 -0.0198048230263735 0.289938958282441 0.0159200279130874 -0.782981365690354 -0.182262981591381 0.169310251049131 -0.266573539425717
-86.8282694637784 -27.8141392970906 -76.9889803855538 -0.234792883817893 -0.692941518258143 -0.681692272203945 -0.96999724866766 0.121522272305547 0.210565132229594 -0.130242724941349 -0.722958671173526 -0.00710079009742005 -0.325506496265813 -0.0259420693724919 -0.0432651035504196
-86.4627881138701 -28.1910120363136 -76.9481302954832 -0.178736061264126 -0.00672603500711223 -0.983874067580231 -0.950144312321922 0.260853438864372 0.170825259241523 0.61626355018073 0.341285850042917 -0.136609298982337 0.392579745707542 -0.309524631969595 0.0379607637393058
-86.1572265418425 -28.5832562733506 -77.0846492086959 -0.127881894333599 0.451123960447803 -0.883251602552489 -0.952044532074894 0.193746208423985 0.236798681726962 0.0942515324455006 -0.167489614832576 0.257052863998112 -0.205923477317197 -0.312083308794608 0.256865898613839
-85.8603288224539 -28.8421371108118 -77.3559659020864 0.0127102321954976 0.894920766314846 -0.446044024750905 -0.950884229725198 0.148795043207473 0.27143915851771 -0.0165186285270705 0.107799392836756 -0.404815322547759 -0.578449021035908 0.28504477363038 0.0530440139703265
-85.3863223591052 -28.9024966903775 -77.6120051914922 -0.191000345812062 0.980612151483866 -0.0438026969701247 -0.958147806191348 -0.1765590080777 0.22534351146045 -0.0589834877270392 0.183243537666156 0.0173233759822459 0.0291600499553106 0.403252239353213 -0.0694270072976136
-85.0652292673579 -28.7604898635097 -77.999692093638 -0.0477376358117082 0.765651777469935 0.641481467997508 -0.927017422826813 -0.273115514404383 0.256995357092619 -0.505048732259507 0.230780471766839 -0.351779302862373 -0.512519432721095 -0.402797957982463 0.182675621594949
-84.8442058073711 -28.4059595170815 -78.2922218343852 0.16751413982617 0.389399079365812 0.905708214574295 -0.926617323847094 -0.251502298334407 0.279511948007523 -0.509619767273893 -0.255038477823835 0.180513387085057 -0.0367804140840633 0.214622071423684 0.297879681847355
-84.3810171394106 -28.1452851988571 -78.4755711210907 0.153107677171507 -0.00223274780924605 0.988206989465449 -0.987123156990001 0.046531021005069 0.15304488563268 -0.327378354195291 0.906971900419616 0.223843959380695 -0.02115836676233 -0.488690542089286 0.818197227508895
-83.9261642126777 -27.8763870353472 -78.3899586199289 0.0142657360054619 -0.711635971987168 0.702403539391781 -0.999755273326254 -0.0220302856304027 -0.00201493706827173 0.0939066061945401 -0.0541603252526706 -0.492367683536505 0.414381939397194 0.35788403452977 0.00290703356870581
-83.4929818087395 -27.7883248954661 -78.0794592352352 -0.0968744988622966 -0.968154475731564 0.230851126467082 -0.992486896963653 0.0765509301043876 -0.0954448241426046 0.969397439577711 -0.0286307603917471 -0.281684176530596 0.419738828626241 0.105347332340935 0.248716664901209
-83.0328657282421 -27.8880735260727 -77.8065506278699 -0.272783817032263 -0.853014971697145 -0.444920720157904 -0.936195458627512 0.341898067690093 -0.0815093525615542 -0.694807774589332 -0.0529028472851568 -0.156018905287354 -0.301400529510875 0.490451131013673 -0.192339913943115
-82.6666699839741 -28.2386295359818 -77.6717558040842 -0.239549476045027 -0.235861902520023 -0.941798923054273 -0.885371642343008 0.451137213570445 0.112215281787909 -0.156075310462324 0.331571204357087 -0.069070605446766 0.0654855086477318 -0.126980093371012 0.272983206900378
39.5248455651669 -153.118741316691 -91.7427584067076 -0.452949883261979 -0.310080968991737 0.835874509673614 0.507310301162776 -0.860621169726735 -0.0443560655640354 0.17935489651437 0.263094815457651 -0.187183131118825 0.066761970575731 0.368373100514353 -0.290084300310814
39.0621462322753 -152.892749664314 -91.777642781289 0.414320804234909 0.0452928499011825 0.909003206224251 0.480873141703821 -0.858864979558709 -0.176385851120535 -0.517085443585872 -0.220217649060944 0.210753825469828 0.211573485957884 -0.207817102908674 -0.232809691464436
38.8078068150932 -152.582859796467 -91.5439048465955 0.929316700596313 0.243920024170328 0.277260692853368 0.316036884187271 -0.913710088682915 -0.255449724353466 -0.349532426773041 -0.285473088120105 0.016146150200331 0.337136003999235 -0.294840203094106 -0.254705103801168
38.8296734798188 -152.334883467397 -91.1352961352559 0.665926245915553 0.584810878380708 -0.463182978452796 0.378109740857805 -0.799801886339039 -0.466208072084728 -0.712943851493069 -0.127501493591094 0.0186551794931456 0.347578394912785 -0.482847101501827 -0.350077129814149
39.231809580712 -151.646283294633 -90.2687642484492 0.728086148877176 0.222142631313126 0.648493030931314 0.660158542872193 -0.482010909720116 -0.576069597517218 -0.385738593390028 0.401198621958792 0.240236057323513 -0.19545301433272 -0.153024897712383 0.260078838073357
39.0209675917443 -151.629442612338 -89.801365086018 0.720490769498485 0.690393050138054 0.0651957620444479 0.612648745553635 -0.589659793454731 -0.526272593390992 0.149355277350987 0.122130360420621 0.465890704343791 -0.00765712876610775 -0.1607673775859 0.0394483721245864
39.0392983524302 -151.436523830171 -89.3414678074294 0.0449688368200078 0.83492415095418 -0.548524808799472 0.497203941849477 -0.494947641928135 -0.712611445290574 -0.168980164089002 -0.360065898447637 -0.0276954406048427 -0.0965718673684209 -0.149179079567622 0.281655999827808
39.4117980313859 -151.844625489835 -88.1503064513858 0.467193171876062 -0.0228423671228044 0.883860150938264 0.860498975444821 -0.217949466227046 -0.460477516747299 0.0531258097992254 0.424130399103594 -0.0224460302126036 0.116736909117606 -0.311782527014072 -0.357886773319195
39.0139035719738 -151.968696663352 -87.866494028222 0.465928295269377 0.591614607144086 0.657953630798646 0.875095702848856 -0.198152073918905 -0.441523800555648 0.0759310469801494 0.39560234818529 -0.13577012582093 0.618932735166785 0.324713257983238 -0.132088007303082
38.8462551423581 -152.14009003139 -87.42468836541 0.021453322332958 0.996014012569315 0.0865785292462937 0.915790860523677 0.0151636329263265 -0.40136911193785 -0.0619025230699 0.323337373516158 -0.236522156929569 -0.103523896191207 0.309878274650095 -0.341890121133183
38.6744429107347 -151.920355222389 -87.092269169027 -0.496865047756533 0.529834039069925 -0.687314349741621 0.775097909356852 -0.0852742284761951 -0.626060330054881 -0.138944781538315 0.288762577494457 -0.21528717959474 0.353865890209951 -0.59450398047025 -0.419922762251372
38.5868206949032 -152.075570270026 -86.2141216680847 -0.370772198933508 0.645698569315099 0.667533769994033 -0.179520304179764 -0.755037185737992 0.630627709936741 -0.170169925105566 0.853829404497357 -0.45345777168513 0.295886704491796 -0.18814629486803 0.301831911693071
38.2863308559977 -151.80494172256 -86.3409251976291 0.627205192150783 0.687576837896587 0.365857539114927 -0.0323662059843574 -0.446322794214398 0.894286526832888 0.681429820010821 -0.0425641979489883 0.358579222170015 0.200372595613847 -0.20239806115207 0.452151627425293
38.1507498280222 -151.393914581345 -86.5957815132807 0.996311195670393 -0.064287882019016 -0.0568424982503539 0.0265147524227618 -0.399361347002957 0.916410106024559 0.2268479557539 -0.410690671872558 -0.0290907393426556 -0.0675428321782116 -0.0968552568155724 -0.337756461964802
38.2374776062546 -151.372962943116 -86.6796066555672 0.384943855359655 0.542690199822314 0.746529018349362 -0.841037260769679 -0.126854698479718 0.525893726403591 -0.291821175093273 0.150258018472713 0.128770411868181 -0.0897718860814505 -0.316608708140458 -0.839204067688651
38.6082803315075 -151.118440455106 -86.9216348923921 0.413549671588405 0.203802343446982 0.887378878458712 -0.908130804174879 0.0223392972269329 0.418090179636037 0.435264490140401 0.468039694967747 -0.290157970770402 -0.156793844277311 -0.238520456973352 0.207439876113852
38.9492080081518 -150.692350381181 -86.9893135866328 0.431086701345569 -0.554075659964908 0.712154771771872 -0.895889374462651 -0.356821887537547 0.264689193770848 0.264528618407135 -0.68282287987194 0.0632983348918676 -0.107070727137587 -0.476670386538249 -0.332120678695819
39.4338677190798 -150.641596370807 -87.0687327476339 0.263033243672209 -0.65803367311294 0.705553114777881 -0.941647365652236 -0.0158952657807193 0.336225488751172 -0.0909633271516606 0.260035064838689 -0.347358192135132 0.504946766938426 0.170182738884939 0.0741309881789503
39.9222554409237 -150.419303746432 -87.0175531780728 -0.0866796440715157 -0.995672093000143 -0.0335219707706778 -0.876984283438927 0.06029702068501 0.476720920348189 -0.505353716343625 -0.360480553121902 -0.0414828100715418 -0.134402319279749 0.139277551679753 -0.177295601689678
40.3891420979339 -150.530649502877 -86.9157794135505 -0.38031735886391 -0.411343859671979 -0.828344696160324 -0.916130103648447 0.0448137223485461 0.39836837660431 -0.790403491219933 0.186344342020919 0.111317079872076 -0.138864755100073 -0.186038300208402 0.106992844539103
40.801642012159 -150.726498761153 -87.0962189073874 -0.487461455991042 0.166929069483818 -0.857039097523771 -0.871980967696372 -0.0424132776498508 0.487698991032681 0.095467914903806 0.16256502524315 0.337042459034238 0.224249890815654 -0.579843017862296 -0.15052426435696
41.2172944483432 -150.466234520723 -87.319541323589 -0.012683150514286 0.62641932209855 -0.779383070508095 0.87462555896377 -0.370825633370082 -0.312279492190873 -0.118688812498206 0.57834809643823 0.221282681351642 -0.273827866088782 0.147709737194229 0.171303734094307
40.778169045541 -150.117172899586 -87.213144475866 0.0979063761563614 0.207745188716284 -0.973270917100251 0.924692480561109 -0.380532125078879 0.0117948368660355 0.252626552964199 -0.0432171005856851 0.142321714255694 0.00191302307700076 -0.0866143014030338 0.0626294709221599
40.8141854331618 -149.490591402622 -86.6208471761468 -0.0857472766936651 -0.111164915595568 0.990095836815937 -0.973001276688274 0.2230726372552 -0.0592208921834141 0.097427459247658 0.149957707918066 -0.422066711404447 -0.330221318994825 -0.139880812709887 -0.174363991376274
41.2126092394544 -149.273272053693 -86.4503874653834 0.0224852222626216 -0.841974368260738 0.539048771422153 -0.996554546685262 -0.0619324249002326 -0.0551671118231632 -0.471261748798186 0.383806397608825 -0.0971366559265642 0.0059583344612726 0.214891418175103 0.189991462768918
41.5508061623403 -149.204699565434 -86.1210169420336 0.235365079892675 -0.904482440371269 -0.355689182049651 -0.970489217655846 -0.198956863797074 -0.136260209752431 -0.0248933884679169 -0.0629903759969267 -0.278332950624737 -0.226536418745425 -0.0933081115439992 0.313194040953179
