t = 422599677
b = 20 20 20
E = -1.3448527826916 -1.3448527826916 0
18.7472345102418 808.548385693201 -707.510551850999 0.96773780028389 0.00199124700962437 -0.251951552558775 -0.0383785805936425 0.98946524792982 -0.139590858191227 0 0 0 0 0 0
18.861205769823 808.933874011926 -707.361307002472 0.598866082012438 -0.0486271826454297 -0.799371511204216 -0.0200009477422794 0.996935376329916 -0.0756294751483899 0 0 0 0 0 0
19.0878932378218 809.444922346794 -707.313501429472 0.329638842373566 -0.25669266101281 -0.908541199606012 0.255112830052366 0.950747828421165 -0.17605683938991 0 0 0 0 0 0
19.4230484017863 809.86909375635 -707.338699697783 -0.108610213331397 -0.253275560095181 -0.961277957834793 0.226211269325685 0.935331826826954 -0.271997859101654 0 0 0 0 0 0
19.7230435477041 810.195034987021 -707.576256921369 -0.800121676562922 -0.139172238006535 -0.583469271564378 0.145213999136921 0.898835953815609 -0.413529711847233 0 0 0 0 0 0
19.7331342246342 810.30429601556 -707.906954098203 -0.672745703298467 0.546213600763503 0.499063043145922 0.506796784257421 0.83163276098899 -0.227032971871559 0 0 0 0 0 0
19.8686194047276 810.551111719501 -708.049434393271 -0.980656063627694 -0.192509986425357 -0.0354060728916586 -0.157138979619829 0.882135604202812 -0.444009140536999 0 0 0 0 0 0
19.7624375305594 810.831139892038 -708.458377442515 -0.870865718109776 -0.0373998515127009 0.490096064186136 -0.337891083469329 0.769688643162819 -0.541672417883853 0 0 0 0 0 0
19.3939063474915 811.074052717102 -708.76297534785 -0.176733792146429 0.376035305943255 0.909594753392007 -0.184489884329922 0.89510627035689 -0.405891915841936 0 0 0 0 0 0
19.0978289511206 811.573030082722 -708.868348635079 0.210584264494496 0.177145884846088 0.961391493113464 -0.303713263642707 0.946633845972433 -0.107900950624099 0 0 0 0 0 0
18.6438320332712 811.86325018964 -708.757699712269 0.690614648578073 0.302400179026504 0.656966923742773 -0.242866215932682 0.952607919508234 -0.183177926746217 0 0 0 0 0 0
-60.5840896343646 652.226014747807 -2987.92542385105 -0.705560027742389 -0.351295871568288 -0.615448013946458 0.179129264338589 -0.928687177596527 0.324735019404115 0 0 0 0 0 0
-60.6904313672971 651.810930786312 -2987.6742606431 -0.169911723115331 -0.246357030287155 -0.954168863448961 -0.10347104499647 -0.958435896930071 0.265884137027255 0 0 0 0 0 0
-61.0493022212187 651.412891700844 -2987.69910305399 0.356955240403233 -0.312205018700091 -0.880403874736182 -0.0107619947148955 -0.943805906236613 0.330324977592018 0 0 0 0 0 0
-61.2430877403342 650.906991759903 -2987.86098869234 0.850731825230791 -0.0305675452685662 -0.524710383653061 0.127728697153604 -0.956357185012838 0.262804708092819 0 0 0 0 0 0
-61.3092850657684 650.395270571379 -2987.97010903759 0.98472740718268 0.101560852251898 -0.14141190484766 0.110954761177498 -0.99200105146322 0.0601909865882109 0 0 0 0 0 0
-61.23657633849 650.026299405173 -2988.29143584225 0.810853336062168 0.134553966415806 0.569571854570631 0.12773341134752 -0.990437374702885 0.0521342729552356 0 0 0 0 0 0
-60.9274090048237 649.640596623688 -2988.49539133687 0.411687352506901 0.17785594472724 0.893801312771014 0.105454538199325 -0.983479849042708 0.147128266821013 0 0 0 0 0 0
-60.6064747936954 649.184474873945 -2988.43785768075 -0.195534130194828 0.219480801237203 0.955821417325185 0.0946728026608077 -0.965858338199385 0.241152920296966 0 0 0 0 0 0
-60.3150157604473 648.862237066499 -2988.18123763282 -0.725437103287067 0.0876540007855534 0.682684250090815 0.25436769098438 -0.887496581221172 0.384248482239381 0 0 0 0 0 0
-60.0019898470916 648.629644359001 -2987.83116215992 -0.991317447556155 -0.100213761243818 0.0851288448654566 0.123042786045059 -0.935293263163981 0.331793587465303 0 0 0 0 0 0
