t = 104000000
b = 20 20 20
E = -1.35170275284156 -1.35170275284156 0
-389.742219660623 -525.364966209636 360.363146870033 -0.829332388814213 -0.442285491326206 -0.341454730564662 0.415122899470737 -0.0786704678298027 -0.906357509941007 0 0 0 0 0 0
-389.632773811463 -525.724673821051 359.972767581682 -0.862605449444763 0.245224027046705 -0.442466965034271 0.377799516762719 -0.269385075113619 -0.885832493443154 0 0 0 0 0 0
-389.568293343057 -526.009253029819 359.553094496609 -0.66631220038984 0.674755144636872 -0.317385485485628 0.241117536814397 -0.207805370102045 -0.947986952228639 0 0 0 0 0 0
-389.830122851354 -526.241391185692 359.151528892801 -0.0449126462472752 0.965814655990452 -0.25531334567611 0.261179707233777 -0.235329989823123 -0.936165026274233 0 0 0 0 0 0
-389.999732680797 -526.253330238988 358.673097047368 0.677017437473558 0.73461145528299 -0.0446474985087736 0.142548839155446 -0.190405697687089 -0.971300931093797 0 0 0 0 0 0
-390.764955559154 -526.577442209627 359.180545317637 0.418944505212011 -0.653566189757116 0.630346521494924 0.864471927719802 0.499475899318063 -0.0566754989790307 0 0 0 0 0 0
-390.231168193937 -526.060963232495 358.20255465317 0.940100501345566 0.334606067837472 0.0651906951719635 0.103854192896998 -0.0989731866781944 -0.989655806297378 0 0 0 0 0 0
-390.122554538615 -525.914939016501 357.673314201616 0.974286288462184 -0.0882189766079365 0.20732496299681 0.210779927554994 0.0317360569999246 -0.977018241807937 0 0 0 0 0 0
-389.820015733728 -525.570853867928 357.291102044586 0.669437562554281 -0.712498305582977 0.210236805493145 0.256447672737916 -0.0439581768028892 -0.965558009566708 0 0 0 0 0 0
-389.507044204441 -525.46763026095 356.923835567549 0.0143054204967582 -0.996071989102053 0.0873839085312905 0.345258112426096 -0.0770970651996375 -0.935335703552864 0 0 0 0 0 0
-389.05706528634 -525.572907756023 356.616745831219 -0.483139803875091 -0.872195318205574 -0.0764935082987897 0.478503450440795 -0.189871797216078 -0.857311581946161 0 0 0 0 0 0
130.417165335427 -266.67550822639 776.627953427226 0.422570236950194 0.903516170123953 -0.0713647333625041 -0.00776026113184317 0.0823443738565467 0.996573721528517 0 0 0 0 0 0
130.667953782569 -266.590003778321 777.102551969841 -0.121835619858411 0.947470049573345 -0.29573059851071 -0.125306332314598 0.280883537595253 0.9515265426617 0 0 0 0 0 0
130.915690554444 -266.453928757131 777.523523528789 -0.679861303407292 0.6935629988439 -0.238241421176941 -0.0246733896479939 0.303054130757293 0.952653881361504 0 0 0 0 0 0
131.005084838218 -266.103793577997 777.994061987378 -0.889821532407094 0.33505685704684 -0.309765303109931 -0.10620499421017 0.508135208310637 0.854704106272449 0 0 0 0 0 0
130.890838762136 -265.676061352642 778.270795299325 -0.934268499553678 -0.349959107241455 -0.06834467060402 -0.194144988593176 0.338487927688231 0.920724522435385 0 0 0 0 0 0
130.629823131142 -265.254793943466 778.597607968778 -0.473478714290028 -0.879965012384311 0.0384640623724693 -0.518150825725086 0.313581108743558 0.795730236977536 0 0 0 0 0 0
130.165003515105 -265.069559466281 778.864821129883 0.0297386442477767 -0.975490856820689 0.218021102870634 -0.472920094578374 0.17842859990529 0.862849824059614 0 0 0 0 0 0
129.71711115587 -265.168912395866 779.147898168742 0.58785340292004 -0.67497769656604 0.445907485711672 -0.610113574906993 -0.00796539744247421 0.792273928737921 0 0 0 0 0 0
129.360333701663 -265.377322110687 779.459106941193 0.84518124581367 -0.368824484312728 0.386829628513781 -0.445801762499577 -0.0872158166064115 0.89087271250518 0 0 0 0 0 0
129.249002777814 -265.788088787813 779.790839423581 0.789297794294762 0.376341077042537 0.485156042580058 -0.445112642408313 -0.193566937668937 0.874303480612067 0 0 0 0 0 0
