t = 27864
b = 20 20 20
E = -1.24329547083642 -1.24329547083642 0
3236.97541135605 3703.73683079375 -25.9400964632765 0.734162631696638 -0.644020887955832 0.215040289473547 -0.393609304025748 -0.145628366547894 0.907669595525263 0 0 0 0 0 0
3237.23131657868 3703.54501697519 -26.8661860114917 0.246091189214598 -0.401121820704963 -0.882349370456686 0.860332128753703 0.509667072478698 0.00825248236391578 0 0 0 0 0 0
3237.78295063092 3703.47107471952 -26.8608685507192 -0.172015999395865 0.150280842287262 -0.973563641675936 0.851072833390962 0.520353640008267 -0.0700508500598167 0 0 0 0 0 0
3238.23584381704 3703.38211926821 -27.1230706166741 -0.465035165097216 0.681392498952449 -0.565196034659078 0.850627322011637 0.520816597821568 -0.0719946559194606 0 0 0 0 0 0
3238.60536155245 3703.48316082872 -27.5495067604842 -0.565915003363778 0.821208623698416 0.0731888333771258 0.74680197905318 0.548196305555991 -0.376520404038174 0 0 0 0 0 0
3238.89861542658 3703.86645609999 -27.9702226182131 -0.575267682552313 0.725430633405217 0.377912012944941 0.74477255476049 0.655564879725574 -0.124693745416247 0 0 0 0 0 0
3238.96629148251 3704.36248261164 -28.3125095227272 -0.119702825473132 0.402330969647651 0.907634851928969 0.789835289755753 0.592492670815929 -0.15846971346535 0 0 0 0 0 0
3239.11605607689 3704.86714480049 -28.3796386315121 0.18868546914972 -0.0923637236391656 0.977684374574553 0.640083271701807 0.766603757477194 -0.0511085541704718 0 0 0 0 0 0
-180.671618679479 7844.75662891338 -4327.21196202174 -0.157382946395401 0.100756357783752 -0.982384224501835 -0.946543938852204 -0.299032574981264 0.120971446722619 0 0 0 0 0 0
-181.191687463306 7844.87583720672 -4327.26715805797 0.13521397269046 -0.484743881230305 -0.864141511095851 -0.845407469558266 -0.511281586125198 0.154522975975803 0 0 0 0 0 0
-181.714402057586 7844.86325708975 -4327.42265259189 0.435312944273333 -0.834335866310418 -0.338210441494905 -0.863829557791016 -0.492907415364871 0.104119042278212 0 0 0 0 0 0
-182.143535347049 7844.44667440569 -4327.5726951626 0.680406266326673 -0.73006649573035 -0.0636413745568558 -0.724487433215125 -0.657044154439855 -0.208352917497661 0 0 0 0 0 0
-182.357257406954 7844.15518681201 -4327.86915004579 0.527964923727455 -0.590315400745557 0.610557750713328 -0.73202780922079 -0.680807312093658 -0.0252327233409775 0 0 0 0 0 0
-182.62617772161 7843.70702244854 -4328.02034445199 0.402335881149952 -0.154976509934534 0.902279402462356 -0.595015791913718 -0.793282725306039 0.129068683670093 0 0 0 0 0 0
-182.667462435969 7843.19064783387 -4328.043409089 -0.142758792970787 0.301831548471698 0.942612138356339 -0.546326562445827 -0.818168342025312 0.179242437144931 0 0 0 0 0 0
-182.80373676593 7842.98157639384 -4327.7373125258 -0.956634960098476 0.290690180524125 0.0186754401361018 -0.277598849689707 -0.929221785366623 0.243897011566283 0 0 0 0 0 0
