t = 0
b =  20.0 20.0 20.0
E = 0. 0. 0.
19.7783155233 12.6547096643 8.7344683948 -0.37228229831 0.870237956288 0.32263259259 0.841560200065 0.169920108028 0.512741247175 0.0 0.0 0.0 0.0 0.0 0.0
20.2015920015 12.9828064745 8.69117164796 -0.531061584736 0.433790850103 0.727872991382 0.841560200065 0.169920108028 0.512741247175 0.0 0.0 0.0 0.0 0.0 0.0
20.5038129748 13.4097859226 8.81379357242 -0.488081696245 -0.167460652631 0.856582271361 0.841560200065 0.169920108028 0.512741247175 0.0 0.0 0.0 0.0 0.0 0.0
20.69477571 13.7985927096 9.13167345258 -0.25967141106 -0.705091053639 0.659861625158 0.841560200065 0.169920108028 0.512741247175 0.0 0.0 0.0 0.0 0.0 0.0
20.8265463389 14.0266739688 9.59996881096 0.0673923846616 -0.974845574875 0.21244851526 0.841560200065 0.169920108028 0.512741247175 0.0 0.0 0.0 0.0 0.0 0.0
20.973679064 14.0325391486 10.1166918151 0.368852686709 -0.874239963667 -0.315677337536 0.841560200065 0.169920108028 0.512741247175 0.0 0.0 0.0 0.0 0.0 0.0
21.2048917707 13.8391213011 10.5614561602 0.530179686188 -0.44149597375 -0.723872091958 0.841560200065 0.169920108028 0.512741247175 0.0 0.0 0.0 0.0 0.0 0.0
21.5569589535 13.5450644324 10.8412138391 0.490082558753 0.158979718014 -0.857055736149 0.841560200065 0.169920108028 0.512741247175 0.0 0.0 0.0 0.0 0.0 0.0
22.020740471 13.2872469956 10.9256056361 0.263794873503 0.699056356906 -0.66462957697 0.841560200065 0.169920108028 0.512741247175 0.0 0.0 0.0 0.0 0.0 0.0
22.5446540382 13.1887794772 10.8584951 -0.0627128946049 0.97354979821 -0.219699529485 0.841560200065 0.169920108028 0.512741247175 0.0 0.0 0.0 0.0 0.0 0.0
23.0542721991 13.312232666 10.7413040493 -0.365394985549 0.878175394289 0.308698042431 0.841560200065 0.169920108028 0.512741247175 0.0 0.0 0.0 0.0 0.0 0.0
23.4805985615 13.6358659636 10.6944807271 -0.529257412405 0.449167475768 0.719816066871 0.841560200065 0.169920108028 0.512741247175 0.0 0.0 0.0 0.0 0.0 0.0
23.7862806802 14.0618870014 10.8117395 -0.492046099576 -0.150486676476 0.857463932825 0.841560200065 0.169920108028 0.512741247175 0.0 0.0 0.0 0.0 0.0 0.0
23.9798008749 14.4536045965 11.1244572033 -0.267898246946 -0.692968424325 0.669346914665 0.841560200065 0.169920108028 0.512741247175 0.0 0.0 0.0 0.0 0.0 0.0
24.1122536559 14.6873600176 11.5897525569 0.0580286287185 -0.972179881958 0.226933812741 0.841560200065 0.169920108028 0.512741247175 0.0 0.0 0.0 0.0 0.0 0.0
24.2579340646 14.6995070039 12.1067774802 0.361909458146 -0.882043948455 -0.301695238775 0.841560200065 0.169920108028 0.512741247175 0.0 0.0 0.0 0.0 0.0 0.0
24.4861117456 14.5105920445 12.5550309644 0.52829483362 -0.456804771945 -0.715705225004 0.841560200065 0.169920108028 0.512741247175 0.0 0.0 0.0 0.0 0.0 0.0
24.8347142506 14.2175484229 12.84013942 0.493972169184 0.141982174795 -0.857806830302 0.841560200065 0.169920108028 0.512741247175 0.0 0.0 0.0 0.0 0.0 0.0
25.2959177271 13.9568696425 12.9297107817 0.2719812189 0.686827719515 -0.674013279002 0.841560200065 0.169920108028 0.512741247175 0.0 0.0 0.0 0.0 0.0 0.0
25.819119331 13.8527532624 12.8656407952 -0.0533399437273 0.970735930444 -0.234150814108 0.841560200065 0.169920108028 0.512741247175 0.0 0.0 0.0 0.0 0.0 0.0
26.3301620931 13.9699161682 12.7481961233 -0.358396369936 0.885845331558 0.294669459858 0.841560200065 0.169920108028 0.512741247175 0.0 0.0 0.0 0.0 0.0 0.0
26.7595083914 14.2890075451 12.697921364 -0.527292023139 0.464407280669 0.711539879413 0.841560200065 0.169920108028 0.512741247175 0.0 0.0 0.0 0.0 0.0 0.0
27.0686584564 14.7139605764 12.8098421426 -0.495860620898 -0.133466860622 0.858084402468 0.841560200065 0.169920108028 0.512741247175 0.0 0.0 0.0 0.0 0.0 0.0
27.2647770772 15.1084898325 13.1173632877 -0.276043478431 -0.680634710116 0.678628314618 0.841560200065 0.169920108028 0.512741247175 0.0 0.0 0.0 0.0 0.0 0.0
