t = 10450000
b = 15 15 15
E = -1.04651471617637 -1.21442606504839 0.167911348872021
-30.4655521730426 61.3029073140795 121.392028131097 0.841712376463137 -0.51661195679735 -0.156947001891754 -0.237634175135729 -0.0934463672056849 -0.96684940671423 0.336404674945134 0.0172457145203511 0.188511415126533 -0.310643884068114 0.383576476550309 -0.120352600985708
-31.8700337117442 60.6712035229572 120.869335502991 -0.107672116647784 -0.723363226038382 -0.682020790380989 -0.215567306419733 -0.652702064637581 0.726299353724597 0.045214593445232 -0.0297873731749636 0.280883126300565 0.429866058535072 -0.426362566222391 0.25521558980653
-32.2382906633324 60.2490095547945 121.134543390353 0.439584438873012 -0.564433324291368 -0.69869917956876 -0.0731283638412727 -0.797794853913554 0.598477746846925 -0.133857736798643 0.130592686762209 -0.0916107089023483 -0.493597008993957 -0.161987222918412 0.13485076100198
-32.4575349100669 59.8115950642749 121.190911630776 0.902221961034619 -0.210889664757912 -0.376192879152677 0.0441634121268188 -0.822523050994531 0.567014482718011 -0.264748663836135 0.235265696740544 -0.113535780238642 0.375390328275293 -0.118008926212635 -0.588274005019357
-32.4687782054424 59.2601678179571 121.124440131479 0.965862845621963 0.194902827149762 0.170651256708097 0.0647632785920761 -0.819499473505527 0.569408755350826 0.272835995366487 0.31118515248787 0.372595388933066 0.120848793454261 -0.191473427319981 -0.214157098488774
-32.2010341881653 58.7380885314097 121.006598983919 0.544599280678365 0.365442119571294 0.754893158485264 0.0137242714489195 -0.903841741190447 0.427646759902406 0.134786272119599 0.03609451933941 -0.241710499806815 -0.251658497861226 0.57344126834116 0.19389644967125
-31.915882747269 58.4141348802461 121.149813203971 -0.173304793708143 0.246994272239925 0.953393558798483 0.12453904690312 -0.954774938554015 0.269990448915574 -0.427942063409657 0.442278920182592 -0.141027591932518 0.179070666650985 -0.329977370857775 -0.157651546914816
-31.7556331513914 57.987512753697 121.513696283966 -0.548671068073933 0.425873808056674 0.719438363357084 -0.071675893683033 -0.881325916606331 0.467040892195464 0.0129805192687265 0.0225024340332376 0.0657165391845101 0.725131544603581 -0.285854468555711 0.257503072943186
-31.9420447109941 57.5186925120266 122.22170646928 0.447477843841296 0.267638846733455 0.853307111765964 -0.286262825673019 0.946830112342811 -0.146854802436294 -0.222919165108413 0.0135721812537442 0.219489121551191 -0.0909105169502351 0.0811721457732539 -0.0910968317542039
-32.1139230652733 57.9871940365301 122.36289098088 0.996831750309931 0.0297114603882747 0.0737813709255728 0.00976660128684194 0.874869960039844 -0.484259400031814 -0.165199751617852 -0.00732280898331115 -0.0282654682505935 0.442855992303525 -0.599750161004932 -0.101804416642011
-31.9214326503409 58.5036841759749 122.353993748689 0.570088236732077 -0.440021053392791 -0.693816167951431 0.0361500447815277 0.857103128498873 -0.513874888839433 0.227451049589911 0.439171084231882 -0.025731617846465 0.387498296951521 -0.338554319745815 0.164649112509035
-31.6728719395999 58.9711135163181 122.131315368222 -0.114445870584484 -0.621949241116255 -0.774649136177841 0.0425293410274654 0.775990357306205 -0.62930932022301 0.418492160524047 0.216977019192196 0.463896319113571 -0.0594143851811509 0.214046909645868 -0.357197139338692
-31.4442985423695 59.2956049022674 121.775587950596 -0.606782058359872 -0.519252929553873 -0.60182383535573 0.0279470511495034 0.742731848913902 -0.6690055029228 0.143916600374462 -0.134055279533115 1.02903999188401 0.5705011350202 -0.150179464017644 0.321192373001139
-31.3167844576991 59.410066682707 121.253447368085 -0.980280265425278 -0.161118845066774 -0.1144173019351 -0.024871600385551 0.674988919547446 -0.737408544825997 0.427248029792497 0.0878664770728553 -0.63375399789888 0.511029132787964 -0.665205745337681 0.05390890612341
-31.4011881551635 59.4784108829921 120.68633915863 -0.880748042169556 0.242910106554457 0.40654343722191 -0.130696751510852 0.700429643571241 -0.701652815537127 -0.208154963060011 0.400721637678847 -0.104210772417625 0.246164381585052 -0.323139620437754 -0.300788945934393
-31.634452514838 59.6704136782202 120.271404325395 -0.435437231617612 0.477557429720835 0.763107671721112 -0.280032660036229 0.733778032953349 -0.618992332479281 0.0924591037664475 0.0803977551552209 0.749614533957005 -0.240472417610501 -0.0927557447516204 -0.255966982278985
-32.0268041088453 59.8109099307156 120.043900678816 0.338575348783933 0.689020094415453 0.640794852263608 -0.138462316702861 0.710085833680047 -0.690366783427614 -0.340273938643239 -0.207643087440045 0.268341970941389 0.0424452335127611 -0.0299721084325785 -0.404795822080985
-32.2898207519241 60.1971871380351 119.789770116824 0.760080145588471 0.369126574919593 0.534811877177728 -0.0144650297166828 0.832410370633486 -0.55397088170509 0.286903457838449 -0.174195295537964 -0.673573644362024 0.573353841972196 -0.313508866023902 0.0505620598243815
