t = 0
b =  20.0 20.0 20.0
E = 0. 0. 0.
0.760465339276 18.3025475129 14.1601880032 0.17757546312 0.441637038085 -0.879445098621 0.627510966458 0.637589790409 0.446888404572 0.0 0.0 0.0 0.0 0.0 0.0
1.29199796973 18.3793146961 14.1764657319 -0.300678144458 0.727873094518 -0.616273812297 0.627510966458 0.637589790409 0.446888404572 0.0 0.0 0.0 0.0 0.0 0.0
1.7549910077 18.6220005742 14.0522638257 -0.664699097885 0.737577992954 -0.118969801132 0.627510966458 0.637589790409 0.446888404572 0.0 0.0 0.0 0.0 0.0 0.0
2.06646586539 19.0328173789 13.9009427496 -0.77618975085 0.46706468022 0.423532826552 0.627510966458 0.637589790409 0.446888404572 0.0 0.0 0.0 0.0 0.0 0.0
2.20100824496 19.5501015922 13.8461659946 -0.592792940266 0.0191056865659 0.805128252337 0.627510966458 0.637589790409 0.446888404572 0.0 0.0 0.0 0.0 0.0 0.0
2.20042345513 20.0717409474 13.9749182501 -0.184184180706 -0.436111876845 0.880841994033 0.627510966458 0.637589790409 0.446888404572 0.0 0.0 0.0 0.0 0.0 0.0
2.15785387552 20.4939685865 14.3044584658 0.2943992285 -0.72564324684 0.621909135304 0.627510966458 0.637589790409 0.446888404572 0.0 0.0 0.0 0.0 0.0 0.0
2.18239260931 20.7507858247 14.7757628885 0.661135448706 -0.739490615253 0.126702598306 0.627510966458 0.637589790409 0.446888404572 0.0 0.0 0.0 0.0 0.0 0.0
2.35763718943 20.8390361538 15.2759491724 0.776695258353 -0.472393135307 -0.416640374143 0.627510966458 0.637589790409 0.446888404572 0.0 0.0 0.0 0.0 0.0 0.0
2.70992947814 20.8196044529 15.68116227 0.5971755537 -0.0258256052666 -0.801694702599 0.627510966458 0.637589790409 0.446888404572 0.0 0.0 0.0 0.0 0.0 0.0
3.1983479531 20.7942858045 15.9036290349 0.190778871953 0.430553503996 -0.882171809917 0.627510966458 0.637589790409 0.446888404572 0.0 0.0 0.0 0.0 0.0 0.0
3.73025447792 20.8671118408 15.9250047079 -0.288097892901 0.72335813862 -0.627497097522 0.627510966458 0.637589790409 0.446888404572 0.0 0.0 0.0 0.0 0.0 0.0
4.196489079 21.1048273876 15.8033423979 -0.657521451502 0.741346922479 -0.134425746586 0.627510966458 0.637589790409 0.446888404572 0.0 0.0 0.0 0.0 0.0 0.0
4.51284164451 21.5115329887 15.6510377346 -0.777141617506 0.477685615829 0.409716192957 0.627510966458 0.637589790409 0.446888404572 0.0 0.0 0.0 0.0 0.0 0.0
4.65204475386 22.027127041 15.5921278905 -0.601512689903 0.0325435572474 0.798200100706 0.627510966458 0.637589790409 0.446888404572 0.0 0.0 0.0 0.0 0.0 0.0
4.65413302662 22.5501393981 15.7151677844 -0.197359034651 -0.424962342831 0.883434445002 0.627510966458 0.637589790409 0.446888404572 0.0 0.0 0.0 0.0 0.0 0.0
4.61123330122 22.9762815759 16.0395865878 0.281774617532 -0.721017943877 0.633037273406 0.627510966458 0.637589790409 0.446888404572 0.0 0.0 0.0 0.0 0.0 0.0
4.63256410876 23.2380676906 16.5083062577 0.653857381495 -0.743146773267 0.142138657824 0.627510966458 0.637589790409 0.446888404572 0.0 0.0 0.0 0.0 0.0 0.0
4.80294172698 23.330453475 17.009426439 0.777528794315 -0.482941718741 -0.402760810297 0.627510966458 0.637589790409 0.446888404572 0.0 0.0 0.0 0.0 0.0 0.0
5.15055705833 23.3127526794 17.418737281 0.605804018587 -0.0392590309104 -0.794644712784 0.627510966458 0.637589790409 0.446888404572 0.0 0.0 0.0 0.0 0.0 0.0
5.63626543478 23.2861027865 17.6469088357 0.203924167694 0.419338819139 -0.884629803134 0.627510966458 0.637589790409 0.446888404572 0.0 0.0 0.0 0.0 0.0 0.0
6.16845833167 23.3550411906 17.673428999 -0.275429883935 0.718622840826 -0.638529241052 0.627510966458 0.637589790409 0.446888404572 0.0 0.0 0.0 0.0 0.0 0.0
6.63786697785 23.5877896939 17.5543964016 -0.650143517716 0.74489003055 -0.149840744654 0.627510966458 0.637589790409 0.446888404572 0.0 0.0 0.0 0.0 0.0 0.0
6.95907538871 23.990335903 17.4012076018 -0.777856759296 0.488161043771 0.395774755841 0.627510966458 0.637589790409 0.446888404572 0.0 0.0 0.0 0.0 0.0 0.0
7.10297132681 24.5041584375 17.3382356701 -0.610049212948 0.0459715148461 0.791028809592 0.627510966458 0.637589790409 0.446888404572 0.0 0.0 0.0 0.0 0.0 0.0
7.10780652763 25.0284601802 17.4555787803 -0.210473771122 -0.413683361172 0.885757793282 0.627510966458 0.637589790409 0.446888404572 0.0 0.0 0.0 0.0 0.0 0.0
7.06466422569 25.4584627878 17.7748304075 0.269064175287 -0.716173011864 0.643972582223 0.627510966458 0.637589790409 0.446888404572 0.0 0.0 0.0 0.0 0.0 0.0
7.08285511098 25.7252137347 18.240875605 0.646380142991 -0.746576561574 0.157531420531 0.627510966458 0.637589790409 0.446888404572 0.0 0.0 0.0 0.0 0.0 0.0
7.24838837021 25.8217825309 18.7428300947 0.778125487474 -0.493343193448 -0.388758561606 0.627510966458 0.637589790409 0.446888404572 0.0 0.0 0.0 0.0 0.0 0.0
7.59129535878 25.8058937307 19.1561670582 0.614247949701 -0.052680497873 -0.787352666492 0.627510966458 0.637589790409 0.446888404572 0.0 0.0 0.0 0.0 0.0 0.0
8.07422018682 25.7779964093 19.3900269565 0.217007346158 0.407996399615 -0.886818329544 0.627510966458 0.637589790409 0.446888404572 0.0 0.0 0.0 0.0 0.0 0.0
8.60661184624 25.8431018801 19.4217365887 -0.262677976359 0.713668643554 -0.64936688239 0.627510966458 0.637589790409 0.446888404572 0.0 0.0 0.0 0.0 0.0 0.0
9.07912605269 26.0708881406 19.3054230196 -0.642567543916 0.748206237903 -0.16521009978 0.627510966458 0.637589790409 0.446888404572 0.0 0.0 0.0 0.0 0.0 0.0
9.40516696728 26.4692280366 19.1514498031 -0.778334958383 0.498487773131 0.381712761901 0.627510966458 0.637589790409 0.446888404572 0.0 0.0 0.0 0.0 0.0 0.0
9.55378640362 26.9811982361 19.0844880227 -0.618399909093 0.0593854690761 0.783616563439 0.627510966458 0.637589790409 0.446888404572 0.0 0.0 0.0 0.0 0.0 0.0
9.56144156122 27.5067053552 19.1961516625 -0.223524395244 -0.402278367553 0.887811331156 0.627510966458 0.637589790409 0.446888404572 0.0 0.0 0.0 0.0 0.0 0.0
9.5181443259 27.9405131077 19.5101919232 0.256271773487 -0.711109926613 0.654711730753 0.627510966458 0.637589790409 0.446888404572 0.0 0.0 0.0 0.0 0.0 0.0
9.5332642494 28.2122233301 19.9734737436 0.638706010835 -0.749778935429 0.172876197641 0.627510966458 0.637589790409 0.446888404572 0.0 0.0 0.0 0.0 0.0 0.0
9.69397722817 28.3130214206 20.4761626987 0.778485156071 -0.50359439104 -0.374637893291 0.627510966458 0.637589790409 0.446888404572 0.0 0.0 0.0 0.0 0.0 0.0
10.0321459228 28.2990251538 20.8934529341 0.622504774939 -0.0660859178457 -0.77982078495 0.627510966458 0.637589790409 0.446888404572 0.0 0.0 0.0 0.0 0.0 0.0
10.5122146004 28.2699646 21.1329829972 0.230024422082 0.396529700436 -0.888736722499 0.627510966458 0.637589790409 0.446888404572 0.0 0.0 0.0 0.0 0.0 0.0
