#t = 5951759; extr. Ts: 0.108383 0.10905 0.109717 0.110383 0.11105 0.111717 0.112383 0.11305 0.113717 0.114383 
0 8.33535e+07 1.04192e+07 1.74614e+08 9.57606e+07 5.3519e+07 3.04686e+07 1.76614e+07 1.04192e+07 6.25287e+06 3.81562e+06 2.36641e+06 1.49093e+06 
1 881642 54.4089 822.22 460.896 263.318 153.141 90.5656 54.4089 33.1769 20.5177 12.8604 8.16495 
2 244870 130.047 3752.55 1822.62 908.41 464.216 242.952 130.047 71.0896 39.6251 22.4867 12.9729 
3 238857 663.96 40486.8 17188.6 7429.44 3267.28 1461.05 663.96 306.464 143.601 68.2755 32.9238 
4 352133 6695.84 641768 248222 97858.3 39306.8 16079.3 6695.84 2837.16 1222.65 535.612 238.407 
5 940966 62484.9 9.30987e+06 3.30856e+06 1.19633e+06 439944 164473 62484.9 24114.1 9449.86 3759.11 1517.42 
6 2.93698e+06 407206 8.46725e+07 2.80603e+07 9.47741e+06 3.26075e+06 1.14225e+06 407206 147661 54440.4 20397.7 7763.49 
7 2.25644e+06 1.00295e+06 3.63253e+08 1.07896e+08 3.26337e+07 1.0047e+07 3.14744e+06 1.00295e+06 324980 107039 35825.3 12180.4 
8 4.02272e+06 1.38818e+06 7.91379e+08 2.1492e+08 5.93978e+07 1.67002e+07 4.7752e+06 1.38818e+06 410162 123137 37550.9 11628.7 
