t = 5951759
b = 20 20 20
E = -0.558802083276116 -0.558802083276116 0
-15547.3994907558 900.718879113725 7571.22442674675 -0.645443775261173 0.160855134550972 -0.746677948425686 -0.725048442440051 -0.43648416574757 0.532715992970864 0 0 0 0 0 0
-15547.9230269174 900.76811357896 7571.30395464898 -0.47923996825377 0.871289778578286 -0.105750529895255 -0.862168017560949 -0.489893616082119 -0.129114501187889 0 0 0 0 0 0
-15548.2934125738 900.530142464932 7571.62352442589 -0.346933200898848 0.567000067168781 -0.747093219046103 -0.818826887987622 -0.571540070109373 -0.0535207975266194 0 0 0 0 0 0
-15548.0378711339 900.03862509297 7572.31140689074 0.606467605436584 0.312259557322331 -0.731225691846832 0.162281794474972 -0.948908509768453 -0.270623833523568 0 0 0 0 0 0
-15548.3691922533 899.67557782976 7572.07628822413 0.891443138480267 0.160331502821238 -0.423819466352765 -0.238336200083361 -0.629579389232454 -0.739476604351682 0 0 0 0 0 0
-15549.0595772592 900.34180069881 7571.63084105204 0.448199265131204 0.790936100905473 -0.416578327593141 0.391374133986376 -0.592588191392236 -0.704035171471495 0 0 0 0 0 0
-15549.7405952685 899.869102506991 7571.33413471358 -0.250831352218889 0.803659228003977 0.539643843648842 0.804300472690446 0.483236184902776 -0.345808529724933 0 0 0 0 0 0
-15549.5370543903 900.135021794972 7570.93223775721 0.0573754684521205 0.38546325314267 0.920937639635047 0.787533844249593 0.549474121314646 -0.279049519202205 0 0 0 0 0 0
-12386.330191771 -1420.3440292072 6699.85905391488 0.0734349662373392 -0.00598428762290538 0.99728205340083 -0.713181856120471 0.698681525440536 0.0567077252994591 0 0 0 0 0 0
-12386.6580756592 -1420.4261593694 6698.43473881 0.826078179493397 -0.124300136205011 -0.549676557171858 0.555959859355157 0.0201477726408215 0.830964922270141 0 0 0 0 0 0
-12386.474063244 -1420.75307435689 6698.91909350993 0.584751458028261 0.592375639969757 -0.554217316135313 0.626438401835009 0.104323789553189 0.772458073709931 0 0 0 0 0 0
-12386.0662396922 -1420.93647836431 6699.11811618567 -0.0160302923693729 0.997489670304999 -0.0689738164911214 0.655417895478908 0.0625781194852157 0.752669490047025 0 0 0 0 0 0
-12385.6063083257 -1420.88213315853 6699.24820589404 -0.473052889163449 0.384623919271691 0.792644563961809 0.814496219442786 -0.152069725135668 0.559884548108432 0 0 0 0 0 0
-12384.9110778743 -1420.77168291635 6699.29846941292 -0.635139861439988 -0.316759694001849 0.704457701118957 0.581402469323668 -0.796491309646411 0.166050481246183 0 0 0 0 0 0
-12384.5302791942 -1420.88028003685 6699.60949125388 -0.620822781301937 -0.754929356392304 -0.211330880549001 0.720657392838666 -0.655687520408988 0.225226103564561 0 0 0 0 0 0
-12384.2969533902 -1421.07917837616 6700.0442515589 -0.488664153530049 -0.620560612769611 -0.613279602574373 0.430486404898166 -0.782894080977941 0.449175147540011 0 0 0 0 0 0
