t = 6815
b = 30 30 30
E = -0.908158414082223 -1.16914573481414 0.260987320731916
-80.2826478916558 -25.0965472627405 -84.8692091371834 -0.0886343784167408 0.626462777910737 -0.774395464123508 0.469387813119181 -0.659448811458208 -0.587198727826923 0.0297874976650393 -0.0288738470766834 0.0340707852763643 -0.106150375883055 -0.171755874815976 -0.256451207326825
-80.2244635271922 -24.6221339112749 -84.6223448101145 -0.520524075044987 0.20995905667119 -0.827630280874432 0.517990225708016 -0.692907528822176 -0.501562840103308 -0.066484941815614 -0.0618427630227613 -0.234594118928711 0.254143785781159 0.573574099512694 0.0451959482156515
-80.27652581731 -24.046275037101 -84.6091292254052 -0.790719147913206 -0.293066920194302 -0.537470938201528 0.532387504910183 -0.762608232476402 -0.367412885422831 0.46575557939177 -0.128460744762824 0.234238808722575 -0.318104613332252 -0.335742243389089 0.251953781010866
-80.5471993546714 -23.601420257469 -84.7212173011176 -0.679764412968409 -0.726978163476293 -0.0970726155532404 0.703718363499941 -0.609197974577096 -0.365593069743033 -0.0410518004302556 0.131794147313937 0.0907246440788808 0.332111833272421 0.165360395852174 -0.383550304125001
-80.9515964072672 -23.3062721075933 -84.8408026003154 -0.342972716317349 -0.813656796863466 0.469395710227285 0.783897724473275 -0.52324910989977 -0.334237530140945 -0.322412747561538 0.205581802134623 -0.400308076933489 -0.0276484982183871 -0.25677769261031 -0.0173873600079273
-81.4369295018572 -23.151101257693 -84.9008718699576 0.0660379826311184 -0.41086744146962 0.909300242158894 0.78216499606545 -0.544520042497559 -0.302846235321488 0.0380926277120434 0.655917033816242 0.00978528712145585 0.133204884944294 0.204836011484844 0.0620240075780301
-81.9345234304877 -23.2214247967959 -84.781440759882 0.356869199334791 0.03104365241938 0.93363840227928 0.810186364544081 -0.507807115553698 -0.292796837585195 -0.259380107060093 -0.230615601451869 -0.0624035857545983 0.344067386411439 0.588957076935177 0.545737154653018
-82.3686295849663 -23.1892985986793 -84.513532664019 0.679049211652643 0.43880095302064 0.588511590185026 0.718496219451771 -0.561651225761549 -0.410257337818679 -0.00363534869214281 -0.448414060806899 0.428843534547472 -0.672784463155442 -0.29291017166076 -0.040195950740947
-82.6354089629969 -23.016252040262 -84.0175304666433 0.789358168458165 0.607004124490778 0.0919764901459246 0.595237506972659 -0.719993361212425 -0.356793876212896 -0.112111987636615 0.48667204409903 0.258091057974809 0.108287907130243 0.186614217676504 0.0967505671826994
-82.7963738031892 -22.6438281413161 -83.6198335089292 0.786940932349531 0.488401313848595 -0.377078407793149 0.350037205496823 -0.856630788393572 -0.379021961295341 0.389862814421493 -0.129937835022172 0.289149394331501 0.0238070841676216 -0.164993425166954 -0.0840000163958604
-82.7224947730112 -22.2793571143635 -83.2284380858771 0.39810577991042 0.458460776653578 -0.794559943787828 0.299971003753526 -0.883599873637946 -0.359539511339285 -0.0490365541665781 -0.333071301548262 -0.0843178532285799 0.468704598058707 0.278647605728107 0.677703403418686
-82.5483126559042 -21.8024621407583 -83.0695642874855 -0.278690655334663 0.190172194571848 -0.94136393336524 0.390351698682588 -0.873148235905657 -0.291954978499193 0.299797762797244 -0.200662641797926 -0.187957238059716 -0.00807139847192663 0.223536611327154 -0.0647313211756753
-82.4764169773242 -21.2873722824723 -83.0497129875169 -0.758358179413431 -0.26313071912996 -0.596368255666653 0.437527600063348 -0.88365899278749 -0.166482382397028 -0.417065764035475 0.147338150916826 -0.00259817072647851 0.0420709728615394 0.241980295959728 0.171872355689845
-82.6870555967142 -20.8265774639151 -83.2141549833265 -0.830067917799852 -0.520604132113259 -0.199896446856953 0.555404085773717 -0.803995708939516 -0.2124081013349 0.263687575982842 0.0915508705641912 -0.359250548535693 -0.0929702269304928 -0.117479211525758 -0.0240472219622292
-83.0114889318651 -20.4198095291191 -83.4689225624464 -0.539494166135379 -0.745539581891998 0.391301388367323 0.76679872900009 -0.627004720404946 -0.137421940729135 -0.732329339249633 0.477717342116281 0.038774812319082 -0.589705856822017 -0.212816001290352 -0.132102934904584
-83.4619799717959 -20.3232825072162 -83.5619870641618 -0.184724399927754 -0.549826226412476 0.81459684311956 0.665902680752941 -0.679620665198394 -0.307716381106585 0.373826945076902 -0.651516492992122 -0.301785625191021 0.243868518555577 0.579849583102491 0.540133672884422
-84.008426938286 -20.2015665191658 -83.4078472788291 0.497633741424003 -0.10295463945809 0.861255479872489 0.675980968385078 -0.576151493918096 -0.459455314951431 -0.382578009992637 0.058093391512058 1.08237269850823 0.0227315179528753 -0.325455260359431 0.317850286682359
-84.424112024034 -20.0335659432279 -83.0774361141995 0.792081378535633 0.0685955130384551 0.606549046135663 0.444338999104492 -0.746102862215152 -0.495876368532695 0.198744811825588 0.640464442653321 0.186072009768956 0.253581527202843 0.360140905557257 0.119375050461585
-84.6326905332844 -19.8585883907714 -82.5934113656367 0.884266296468976 0.459464775920248 -0.0834579931317508 0.38115722161926 -0.813383493857871 -0.43946156183112 -0.144373579089565 0.425918868987938 0.103753595152755 0.646886125849186 0.152476875866083 -0.480663207832324
-84.6384639640913 -19.5057323962117 -82.1245943172094 0.695615666534416 0.415317984408338 -0.586199468013134 0.237418592148837 -0.903014784977003 -0.358045681743268 0.15700863056959 0.447664043749279 -0.117144199568256 -0.0396758391802635 0.210850843458279 -0.00223452233411826
-86.6613238459306 -16.8240538564179 -82.0166011053658 -0.962762024871025 0.269505040123259 0.0213615733135054 0.0931645628391441 0.404911643695698 -0.909597122373769 -0.129585833716758 0.362789611619902 -0.391457880519204 -0.107349139085122 0.259324152209253 0.660890183747226
-85.7430441402828 -16.5521968975054 -82.8288928866474 -0.259834441655243 -0.801068377689649 -0.539236049606657 -0.958632920610073 0.281193708669366 0.0441930054122513 -0.373902899427583 -0.213058367999932 0.0400789621821687 0.174695594570549 0.332871555387167 -0.12098678410803
-85.3912095297355 -16.9387685345731 -82.6658280373217 -0.119152545992466 0.0404952479849544 -0.992049799997032 -0.958913735363057 0.254400915918457 0.125557246353707 0.3965075738345 0.0526636289443393 0.214544652907573 0.0926537853375163 -0.074850038424678 -0.0253959558632625
-85.0734777136332 -17.2774742372959 -82.8626556214062 0.056429427066062 0.762247832362208 -0.644820875763255 -0.993190039455531 0.108791852023751 0.0416878694532936 0.285370516360977 0.202744345017013 -0.620580188265869 -0.29169856067725 -0.148783937421737 0.148608374286441
-84.5073509589386 -18.3371347001794 -82.2441520650492 0.757624498382796 -0.0859544568726046 0.647006144324726 -0.259354493276662 0.870023478949993 0.419278419302702 0.15827154892564 -0.0512719507677197 0.493259698162063 -0.068090908844918 0.36249642454759 -0.519883758978836
-84.2116455532689 -18.6498770833034 -82.5518800505636 0.231532864250654 -0.259956302004792 0.937451467447717 -0.281439148444034 0.90453074970588 0.320337522871743 0.320382035257781 -0.182586313550077 -0.116084201695812 -0.053571730152947 0.193195791448876 -0.0725698790072504
-83.7897532205299 -19.0437985502354 -82.8176799167902 -0.603745691241179 -0.351461095423768 0.715518160993302 -0.387123478453164 0.913887550556323 0.122249570013497 -0.175449205383792 -0.302839949659114 0.15356922209903 0.0027790670841576 0.543673348150127 -0.0657264822612553
-83.5533046443297 -19.3977707191994 -82.5924830806108 -0.923224828143888 -0.3802471991863 -0.0553893871574172 -0.384160643130008 0.916627751565798 0.110517715002494 -0.453528309808425 -0.18515856037857 -0.0243032836694004 0.468184295370416 -0.0341645582279261 0.0968077750376155
-83.4864889623362 -19.8803440362805 -82.3290582401649 -0.645332801253041 -0.101763247471747 -0.757093004254364 -0.222211872762127 0.973236175461568 0.0585937742127321 -0.500030222730622 0.422608183682256 0.0562438885916777 -0.247039967317161 0.344201559714155 0.0182469522454203
-83.4806024293281 -20.4537658406394 -82.3946926063339 -0.531100234970029 0.200915018755902 -0.823143787957548 -0.357039318783087 0.827953137009606 0.432454075895779 0.352897279169395 0.311010599137943 0.0515666789146016 0.0736795904027009 -0.127539729188226 0.425219436595926
-83.6812765525861 -20.9762913419824 -82.578461933371 0.155845659524039 0.555020710781291 -0.817107178411339 -0.322298037409951 0.810514319375826 0.489071071694522 -0.27652536184449 -0.287291303432753 0.368342523633496 -0.347644831850909 -0.0117600418399093 0.0719955419496631
-83.7289930219817 -21.2888560622561 -82.9287396381323 0.66173467384334 0.616719715312333 -0.426337910792042 -0.466192718935073 0.783817365919534 0.410237352876238 -0.202676140657505 0.413543230881065 0.357461775404932 -0.396834402625453 0.503971090353632 -0.482016311256152
-83.6517753843555 -21.4177081519311 -83.43704920963 0.869290568586923 0.475667924179601 0.134439329336651 -0.47762707776115 0.738256554766157 0.476287343873571 0.163262934683411 -0.0194076822606497 -0.0758499613142797 0.16734919561238 0.403557094136732 -0.0706831626160567
-83.3340548013184 -21.4391970422059 -83.8469659416513 0.664326557489848 -0.0679162707248653 0.744350458577488 -0.604525005475796 0.536841015293651 0.588516135762631 0.130878136880444 0.191892668367507 0.0790859176197206 0.0600304258866389 -0.256875849413634 -0.0990906717800313
-82.8512590414199 -21.5168276768151 -84.1914053081905 0.151216927974415 -0.311797616412801 0.93803821195795 -0.726873308594299 0.608040014712505 0.319284408892093 0.0375656008847621 0.0783396522892622 0.564134012035993 -0.147803794476358 -0.27068369000379 -0.173918264552168
-82.3061461932082 -21.7698144272589 -84.219153065427 -0.262905925837033 -0.377617807687973 0.8878543041945 -0.588929777896881 0.791712343353857 0.162336939996675 0.122661919196893 -0.389460263436458 -0.0577885872511218 -0.0332387453462326 -0.119839174843115 -0.352643727796293
-81.8567728096628 -21.9705680296321 -84.0371220134319 -0.714449655438378 -0.56558318222487 0.411919110783152 -0.556759143497481 0.816106666747301 0.154884358869947 0.255205984574433 0.0151439690596362 -0.119149279173587 -0.296016334181999 0.00894603942893539 -0.22231680016283
-81.6344833749942 -22.38664012708 -83.9022559774216 -0.875261769021666 -0.480890525246894 -0.0515862231301119 -0.478829459363233 0.846574975577572 0.232450337861124 0.286145113591997 0.265351044875592 -0.186575648243376 0.265559878709001 -0.657528954021007 0.328861795272743
-81.5014319047198 -22.8807457916779 -83.7167539666724 -0.749554358065597 -0.224989124713371 -0.622533660186807 -0.511629836504747 0.793641579890862 0.32919288125118 -0.171679643401598 -0.198419435484506 0.481433076909901 -0.0652777159527148 0.170531161743451 -0.116752416822196
-81.4994381798985 -23.3810472739955 -83.6734564718195 -0.381752974690669 0.208419025716864 -0.900458869707025 -0.49399962273784 0.777403105971976 0.38936972604452 0.16980854819316 0.485401095653151 -0.128616185727605 -0.28787964238488 -0.0788810268524635 0.16228256175885
-81.4062742268625 -23.8679281308895 -83.8737028838977 -0.107059705383529 0.559255088698565 -0.822053505100456 -0.436921406406764 0.716229898215678 0.544163961987088 0.118823698658561 -0.14374024199469 -0.213141955524958 0.126586449967151 -0.275886688186853 -0.280936970265251
-81.4507639782101 -24.259617092619 -84.2505826908021 0.427618033930615 0.779651198294016 -0.457478771153392 -0.498312758893453 0.625554460563649 0.600304931841246 -0.447328545872389 0.682077967133422 -0.294000767561436 -0.260501142946923 0.0150770159652173 -0.109048205885998
-81.3963340306155 -24.410683141537 -84.7643414280558 0.705039927873638 0.709154481623314 -0.00431524014614436 -0.496341406086277 0.497789487062455 0.711231913776647 0.147570472169396 0.276195478496293 0.177790757854831 -0.0294637521395268 0.18979120154432 -0.0396629876099115
-81.2536269217528 -24.3768734080735 -85.3019246887588 0.806503991451259 0.314222410077626 0.500814924675976 -0.590215314287111 0.477474312419385 0.650894894557181 0.0848680894047744 -0.224772664586072 0.165652870863806 -0.448685600237481 -0.50909299061422 0.628828652236605
-80.8543977035913 -24.3663216912 -85.6306852472428 0.458790599083419 -0.138105670326481 0.87774598262615 -0.785462352802132 0.398791849790483 0.473301122829022 -0.170556437207102 -0.565652314884205 -0.050688169905024 0.0419756004261898 -0.0234379224903511 -0.435296263341254
-80.346031399094 -24.3220358049254 -85.8332803125922 -0.00236997480040742 -0.673786466145435 0.738922310705723 -0.836074461016382 0.406718182224815 0.368184486207549 -0.135876954465163 0.326296966521839 -0.0517150343521709 0.177743142751488 0.14089202602179 -0.161627737006575
30.69399523546 -158.666193280286 -109.98679255488 0.51595442389772 -0.850781611032455 -0.0998082300684806 -0.0564248671740581 0.0825073255405273 -0.994991847000032 0.184499896606871 0.217275904619615 -0.422028175403393 0.125328993106899 -0.260640076839374 -0.24486306046557
30.6393742109521 -158.939545090306 -109.57929763942 0.95610676103726 -0.16275693680131 -0.243659682799383 -0.258452225803542 -0.0766054424240417 -0.962981855056585 0.0729664158432396 0.154779374123344 -0.00112061881765287 0.121446012621931 -0.200281726932144 -0.130146156649297
30.8528972316489 -159.150037663533 -109.15634935787 0.867730191490178 0.395788908141304 -0.300658369197912 -0.272594736774868 -0.126855607246654 -0.953729397886386 0.172553572660437 0.0351448523294094 -0.409148193802215 0.0405864763574487 -0.0500201926810258 0.0618190355769201
31.2486981258297 -159.282742642532 -108.797536731984 0.268147480238958 0.927427489379467 -0.260720503192177 -0.435737931086871 -0.124609039886842 -0.891406216374221 -0.434252868276184 -0.342189156866216 0.3874355838006 0.118743237137394 -0.085573645248859 0.34014581550718
31.5855820368063 -159.225890497583 -108.487593426097 -0.578402158327376 0.808512323551901 -0.108437843518538 -0.291031148607551 -0.328704393439109 -0.898473311943103 -0.179267326748678 -0.186543331232028 0.307217519727553 0.0186117980567463 -0.927407553750464 0.20469122604783
31.5854658173563 -158.998300906821 -108.061126185476 -0.855986316877378 0.503367762448168 -0.11793354504395 0.0242652808697843 -0.188744174359459 -0.981726455174596 -0.0937904482462984 -0.336407345402062 0.109280296249018 0.0270802828715205 -0.545686492594231 -0.0752091533842132
32.423108508358 -158.651123909233 -107.31901640781 -0.757264371495852 0.629075373976026 -0.175541577752728 -0.59647417144019 -0.556669555568139 0.578219308487977 0.335817818478452 -0.260209011870209 0.788362435399991 -0.187635560073345 0.124044398298912 -0.188096934844026
33.6385498362151 -158.702163464472 -107.856460530577 0.804768429846077 0.237028516657567 -0.544210673006514 -0.424314833387915 0.870841414561286 -0.248177663885942 -0.0503548904885406 -0.183507390672669 -0.217032436232087 0.577707224495126 -0.121081511512573 -0.264446292420696
33.8574946563081 -159.142614551489 -107.919062830024 0.676872729418522 0.608731704422315 0.413870777176449 -0.470943936706057 0.790238956331552 -0.392089531071442 0.132666285227492 0.114978971665182 -0.11958001037667 -0.385075007662312 0.00499716285320045 0.0874402597415574
34.1939425167485 -159.320947542964 -107.865012385287 -0.218423699764814 0.227306707876115 0.949011458274122 -0.153671648835466 0.952347671538497 -0.263474736662527 0.244478977725058 0.68362704483211 -0.02342260707622 -0.0840212233714638 0.0129621914164806 -0.283659150977661
34.2610454565803 -159.757382479019 -107.658858014514 -0.45104730294989 0.39234142878501 0.801638655355746 0.227731072474039 0.919056236465574 -0.321674047513263 -0.164916675006313 0.11638075567384 0.119480124062613 -0.262345629473155 0.201617248546369 0.223079976839563
34.3118386147608 -160.092201772194 -107.327584222713 -0.959896037045641 0.278168642527885 0.034954318449565 0.276544349246553 0.95994661672315 -0.0450079542033947 -0.0187239136357293 0.181148009942456 0.417981968295916 0.638686514472728 0.0341419203766659 0.311507334878855
34.1423344282601 -160.519318889361 -107.105583656266 -0.700703728622978 0.358375521724944 -0.616912692463221 0.342737958225154 0.927460938975125 0.149488791108349 0.0215475869095663 0.139119798713544 0.0153106160102233 -0.00810169344408779 0.0350701373576646 -0.0313189762724209
33.7628508477113 -160.899032299041 -107.091932702191 0.0161425588097876 0.417205103669058 -0.908668982230362 0.392427297954011 0.833223800330639 0.389536794645999 0.22173576111539 -0.060376982708031 0.00482079199141024 -0.197843722020718 -0.110693299786774 -0.337495402640538
32.8493075149363 -161.416697150342 -105.97287093334 -0.148779977700147 -0.986329088993216 -0.0708480517824905 0.901785526562219 -0.105930410284291 -0.419000730619786 -0.173646252055303 0.108432706800201 -0.493833513593832 -0.166673321856978 -0.372648767778378 -0.677399485378348
33.4291422002785 -161.528092188005 -107.107853422399 0.0449121043971246 0.0630797483330077 -0.996997416360176 0.0418080097877106 0.997011420334037 0.0649639749483853 -0.141340960335972 0.35831212434316 -0.0102926336677566 -0.166485588893194 0.461830997715448 0.139702531518086
33.5137753147051 -161.650448421399 -106.927057560844 0.571175783626628 0.78257651021538 -0.247653447094168 -0.334947507533524 -0.0532363708117106 -0.9407316599434 0.244119477718241 -0.196476309982771 0.277260230310481 0.0477492383262705 0.713059528557256 0.132992561148287
33.3160159855485 -162.220980111314 -107.286670214684 -0.754366768420476 0.583882259208626 0.300020476108365 0.471800786983207 0.164456937823034 0.866232031850531 -0.298503985129065 0.127647156520643 0.0401847343395876 -0.2419060734247 -0.0771908481814097 -0.830020576634676
32.941406626156 -162.430926861624 -107.475132671957 -0.0471219342924447 0.973576007424117 -0.223448609475788 0.437659975164132 0.221205222283522 0.871505591361201 -0.10865363922112 0.135597644569251 -0.144753541112007 -0.430469773512687 0.220274747496686 0.545163874728474
32.4372036043888 -163.056003675017 -108.121613500892 0.568612324854894 -0.301141287471385 -0.765502416066204 0.77826165602921 -0.104472671628643 0.61918838461122 -0.479273217244015 0.231716031945212 0.143587080215404 0.312634090562693 -0.152764285309139 -0.395845125746788
32.2929722082377 -162.782859818512 -108.527109965139 0.216350140493897 -0.855533911440025 -0.470376809679647 0.710406810290378 -0.192536684587032 0.676942973212133 -0.0602391909369696 -0.243536597032113 -0.167530067819257 -0.0873348180498664 0.103502173242777 -0.209138717919659
32.2561062990394 -162.697524135827 -108.974243875307 -0.550475802949042 -0.779247029512695 0.299583806910946 0.609608631053783 -0.130009722689235 0.781968534501873 -0.246807594659786 -0.267279844506105 -0.0430007238939784 0.0843976789102009 0.411469409230525 0.119551613387007
32.0297232979928 -162.836861474286 -109.387320966723 -0.744090220686228 0.110252139706686 0.658918970108783 0.654968184995462 -0.0740517039366349 0.752019296153915 0.142542327301668 -0.420079605137985 -0.228238849718247 -0.0411205457091863 0.752773714924742 0.479549289314758
31.617378397537 -163.02986904685 -109.809293198408 -0.451022052736649 0.532017077199814 0.716614915776231 0.816974673840118 -0.0771805274447207 0.571485387815989 -0.318005936071184 -0.274572576340723 0.224372811289603 0.352846117803875 0.00430193784930152 0.00939061039602931
31.1555370190794 -163.195551701289 -109.802461728137 -0.146739103876319 0.988591830332817 -0.033968049587642 0.752127995667276 0.133812346590616 0.645288876421588 -0.216921479192544 0.142379087954877 0.0271341871727519 -0.431322929840175 0.25868712383323 0.381577287275517
30.6848484822982 -163.117701445541 -109.963278414055 0.287154929559312 0.74906545895303 -0.597028462163464 0.75590002419013 0.20562543617811 0.621557184357101 0.344656671419785 0.383498263101225 -0.546513636196371 -0.0765902601827249 -0.223109762496238 -0.0535536862959996
