#btype shear stretch stagger buckle propeller opening shift slide rise tilt roll twist
C -0.6475228223961269 -0.03086495538626366 -0.019598622675587218 3.362578715044543 -15.365629294334031 1.0506821196511476 -0.0913778249869255 0.04356635435448349 3.473871507301075 0.29825098976707026 2.5038309194884563 39.455186643783065
G -0.16147211839454795 0.11018118787246137 0.01908154279166695 1.423994377874315 -18.123791192544214 -0.928022185796008 0.11935126282008413 0.07597631707268741 3.509422029951237 0.40405013052671324 4.782639718761329 35.00078179355204
T -0.17602019393084797 0.04390140987250614 0.032607792840707986 -0.26653233774868146 -22.878609049544952 1.1152124738178815 -0.025906082991643334 0.11587734815023217 3.3983853562699506 -3.1172077647679375 3.2082690549650925 36.30976740664085
A -0.05276888870808978 -0.12251806721117708 0.012140971616506067 1.5674464529372982 -21.46582597893479 2.4075073437159555 -0.05827807050456851 -0.14040913811637803 3.3923865665705364 0.5665619580956227 5.333260460527361 35.10621634752522
C 0.10886109197667862 -0.011294879430205516 -0.020046673256139184 -0.5490277940912935 -17.59816151527961 -2.465682447846156 0.1150420597664476 -0.06435336482997457 3.472461468606383 -0.09421298872966519 5.989482702019517 34.21255797671559
G 0.05585570155760147 0.03547407597861549 -0.10313428907732501 -0.8602874598709502 -21.276520724909357 0.6339283746460915 -0.09998246682113038 0.016505821126680007 3.3972290792499544 -0.017939903242415567 3.031742057780923 34.90015555348625
T -0.08308865463036848 0.03116145213600191 0.03799670588612226 -0.9557514978885868 -21.42355120924639 -1.9077915286624745 0.08546186976484327 -0.08928087456269425 3.3901833293313 0.594294064708796 4.709460220366714 31.850142377041283
A -0.25385565178169167 0.017440445992342013 0.04870343310661613 3.085763258915805 -20.19967676618164 -1.5248120849491886 0.06400048135499482 -0.05648793375615632 3.4806301998186013 0.4183578344089722 1.1873331170537702 37.93694678779908
C 0.016578588460647175 0.030486899289879032 -0.05351468073844633 0.9132563278942596 -19.213618802710517 -0.0656788369922022 0.04554202911907618 0.0713351831137922 3.4382042828399126 0.697197293424874 -0.013564374878405727 35.519194747787914
G -0.06893463105465604 0.017565882203016085 -0.031556058403886554 1.4120497325312413 -19.69030215947005 0.18530261201405557 0.09130187005770884 -0.0018251063115263429 3.4393874081487446 1.0863800439656106 2.389554572239968 35.89306431048669
T 0.03902563363608485 0.0709871703992098 0.054642456117945944 2.4339183560346496 -25.819636976795387 2.3213590020352357 -0.2367741496700113 -0.039285390885252056 3.538355042436804 -2.5550617321666467 2.9702561868091117 34.62163474279114
A -0.1990921360452298 0.058821186681853696 0.012168200137509234 1.7252972608152677 -20.545875209039778 -0.7722111970587751 0.012108212347554085 -0.06303579726055102 3.3870045756986222 0.330232514192851 3.323485435998073 37.78077444178227
C 0.08102177636224348 -0.012305398790563575 0.024363419348337575 -0.35816755994849836 -22.04232240610382 -0.6382526452765379 0.029598731333944018 -0.10906720591058684 3.5008334258786857 -0.844481036748276 1.149734435212739 34.020294907616886
G -0.11248843961400186 0.043924776519563 0.11832021008153608 0.3713073929215908 -16.525472982236636 0.3705869581567937 -0.1033107400307888 -0.051832511330131344 3.436340074466644 0.7562432599777222 2.1447385829958208 34.99081202524206
T 0.04848179341975429 0.01569162978318235 -0.04275123377411049 -0.16620902860471923 -18.672218256231833 -2.183483739177471 0.06094280534110795 -0.03100214038038223 3.4578095141188387 -2.4359280784507424 4.35980990482088 34.384135908672945
A -0.07654907498535862 0.04679864076658402 0.06637678508295608 1.4736046589229055 -18.761180109622593 3.3149905199684455 -0.020581697741248975 -0.25665475528312265 3.419662892194435 2.256260458714149 3.7997281336480055 35.27996579827776
C 0.08587957143873877 0.0027693650530618372 0.010436551678540624 -0.3701513190698703 -16.2975513101969 -1.2820425134719478 0.026975721154197135 -0.02350528957412922 3.4555515767423506 -0.8233647514521658 2.411286473207595 35.342813462815116
G 0.010981666708167102 0.016508265780359396 0.07698431230885056 -1.1373941559239353 -17.49050778962093 1.247107445350246 -0.22961516197319723 -0.10218660519581094 3.5341312012305752 -0.4047076518583872 3.117817698700293 36.5901900660427
T 0.49801126557452907 -0.1636056947268661 0.1311977410189057 -1.8648711854087743 -14.427600027631433 -0.6057299555393253 -0.3252689931540348 -0.6124854188053719 2.3420702387411745 -16.34530608862722 2.7364338884342443 60.35282924930867
A 4.191621844983887 -1.5503130674267391 2.486558823776404 39.78045682317794 -28.48414592907065 74.57446447559073
