        0.0000  -1.613782   0.306685  -1.307097 
       50.0000  -1.538072   0.299078  -1.238994 
      100.0000  -1.435348   0.272993  -1.162355 
      150.0000  -1.461723   0.239529  -1.222194 
      200.0000  -1.419676   0.261762  -1.157914 
      250.0000  -1.433039   0.255199  -1.177840 
      300.0000  -1.455615   0.225799  -1.229815 
      350.0000  -1.487240   0.286259  -1.200980 
      400.0000  -1.447690   0.268806  -1.178885 
      450.0000  -1.420340   0.261617  -1.158723 
      500.0000  -1.405626   0.294271  -1.111355 
      550.0000  -1.421642   0.283718  -1.137924 
      600.0000  -1.434714   0.285484  -1.149230 
      650.0000  -1.478394   0.322389  -1.156005 
      700.0000  -1.433369   0.299214  -1.134156 
      750.0000  -1.443713   0.338710  -1.105003 
      800.0000  -1.448786   0.288460  -1.160326 
      850.0000  -1.440384   0.329328  -1.111056 
      900.0000  -1.436885   0.312223  -1.124662 
      950.0000  -1.443223   0.349928  -1.093294 
     1000.0000  -1.407264   0.307938  -1.099325 
     1050.0000  -1.478962   0.311632  -1.167330 
     1100.0000  -1.470339   0.293459  -1.176879 
     1150.0000  -1.454532   0.298811  -1.155721 
     1200.0000  -1.444813   0.289004  -1.155810 
     1250.0000  -1.453820   0.274048  -1.179772 
     1300.0000  -1.429477   0.258858  -1.170618 
     1350.0000  -1.457391   0.305699  -1.151692 
     1400.0000  -1.477486   0.267155  -1.210331 
     1450.0000  -1.467437   0.305409  -1.162028 
     1500.0000  -1.471800   0.304625  -1.167175 
     1550.0000  -1.467963   0.316964  -1.150999 
     1600.0000  -1.436268   0.275313  -1.160955 
     1650.0000  -1.452065   0.323950  -1.128115 
     1700.0000  -1.416460   0.293486  -1.122974 
     1750.0000  -1.453038   0.305624  -1.147414 
     1800.0000  -1.433454   0.285883  -1.147571 
     1850.0000  -1.494298   0.306230  -1.188068 
     1900.0000  -1.432868   0.346905  -1.085963 
     1950.0000  -1.464751   0.315061  -1.149689 
     2000.0000  -1.427358   0.290724  -1.136634 
     2050.0000  -1.423625   0.283025  -1.140599 
     2100.0000  -1.499155   0.328298  -1.170857 
     2150.0000  -1.476501   0.269914  -1.206587 
     2200.0000  -1.484004   0.307163  -1.176841 
     2250.0000  -1.408390   0.308219  -1.100171 
     2300.0000  -1.379090   0.329621  -1.049469 
     2350.0000  -1.382177   0.305340  -1.076836 
     2400.0000  -1.455284   0.321906  -1.133377 
     2450.0000  -1.408794   0.311379  -1.097414 
     2500.0000  -1.442916   0.325324  -1.117592 
     2550.0000  -1.448945   0.313633  -1.135312 
     2600.0000  -1.381706   0.256817  -1.124889 
     2650.0000  -1.412904   0.326703  -1.086201 
     2700.0000  -1.474482   0.277421  -1.197061 
     2750.0000  -1.465721   0.242429  -1.223292 
     2800.0000  -1.465557   0.265068  -1.200489 
     2850.0000  -1.475466   0.277826  -1.197641 
     2900.0000  -1.469469   0.284990  -1.184479 
     2950.0000  -1.413667   0.235325  -1.178342 
     3000.0000  -1.469465   0.287934  -1.181530 
     3050.0000  -1.417327   0.275373  -1.141954 
     3100.0000  -1.404601   0.268773  -1.135829 
     3150.0000  -1.448551   0.277758  -1.170792 
     3200.0000  -1.397093   0.312634  -1.084459 
     3250.0000  -1.412655   0.340163  -1.072492 
     3300.0000  -1.468709   0.277573  -1.191135 
     3350.0000  -1.460836   0.281910  -1.178926 
     3400.0000  -1.440362   0.284289  -1.156073 
     3450.0000  -1.396070   0.307136  -1.088935 
     3500.0000  -1.408224   0.318989  -1.089235 
     3550.0000  -1.452682   0.253029  -1.199653 
     3600.0000  -1.416794   0.314629  -1.102165 
     3650.0000  -1.407644   0.290172  -1.117472 
     3700.0000  -1.428254   0.296025  -1.132230 
     3750.0000  -1.490218   0.310947  -1.179271 
     3800.0000  -1.484042   0.314925  -1.169116 
     3850.0000  -1.481571   0.286796  -1.194776 
     3900.0000  -1.456211   0.254536  -1.201675 
     3950.0000  -1.434900   0.273958  -1.160942 
     4000.0000  -1.497419   0.256915  -1.240504 
     4050.0000  -1.521266   0.297912  -1.223355 
     4100.0000  -1.458706   0.224424  -1.234282 
     4150.0000  -1.427463   0.285877  -1.141587 
     4200.0000  -1.429547   0.323207  -1.106341 
     4250.0000  -1.425174   0.289049  -1.136125 
     4300.0000  -1.470126   0.328275  -1.141852 
     4350.0000  -1.411254   0.260465  -1.150789 
     4400.0000  -1.445751   0.331266  -1.114485 
     4450.0000  -1.423234   0.377196  -1.046038 
     4500.0000  -1.413754   0.294377  -1.119377 
     4550.0000  -1.459726   0.304298  -1.155429 
     4600.0000  -1.456374   0.285447  -1.170927 
     4650.0000  -1.450161   0.279421  -1.170740 
     4700.0000  -1.442996   0.286580  -1.156416 
     4750.0000  -1.419556   0.305581  -1.113975 
     4800.0000  -1.443875   0.335904  -1.107971 
     4850.0000  -1.453267   0.352937  -1.100330 
     4900.0000  -1.436962   0.367988  -1.068974 
     4950.0000  -1.456741   0.337838  -1.118903 
     5000.0000  -1.480010   0.302391  -1.177619 
     5050.0000  -1.399844   0.274279  -1.125565 
     5100.0000  -1.427331   0.292447  -1.134884 
     5150.0000  -1.383465   0.263519  -1.119945 
     5200.0000  -1.432277   0.313787  -1.118489 
     5250.0000  -1.411628   0.310022  -1.101607 
     5300.0000  -1.445553   0.348553  -1.097000 
     5350.0000  -1.460536   0.351003  -1.109534 
     5400.0000  -1.382368   0.317213  -1.065155 
     5450.0000  -1.388149   0.284893  -1.103256 
     5500.0000  -1.377193   0.281897  -1.095296 
     5550.0000  -1.404154   0.270485  -1.133668 
     5600.0000  -1.448619   0.278778  -1.169841 
     5650.0000  -1.428868   0.253416  -1.175452 
     5700.0000  -1.438672   0.332007  -1.106665 
     5750.0000  -1.341953   0.315211  -1.026742 
     5800.0000  -1.318201   0.306135  -1.012066 
     5850.0000  -1.369181   0.344909  -1.024272 
     5900.0000  -1.355026   0.348617  -1.006409 
     5950.0000  -1.341852   0.320345  -1.021507 
     6000.0000  -1.379935   0.294630  -1.085304 
     6050.0000  -1.354173   0.306109  -1.048064 
     6100.0000  -1.279244   0.312661  -0.966583 
     6150.0000  -1.363532   0.340418  -1.023115 
     6200.0000  -1.298226   0.287444  -1.010782 
     6250.0000  -1.338924   0.330562  -1.008362 
     6300.0000  -1.383695   0.330815  -1.052879 
     6350.0000  -1.369461   0.308124  -1.061337 
     6400.0000  -1.402115   0.351367  -1.050749 
     6450.0000  -1.386748   0.286310  -1.100438 
     6500.0000  -1.390426   0.293555  -1.096872 
     6550.0000  -1.419345   0.276419  -1.142927 
     6600.0000  -1.420365   0.272297  -1.148069 
     6650.0000  -1.418306   0.298712  -1.119595 
     6700.0000  -1.411865   0.313960  -1.097905 
     6750.0000  -1.373480   0.304520  -1.068960 
     6800.0000  -1.407080   0.310691  -1.096389 
     6850.0000  -1.431094   0.303721  -1.127373 
     6900.0000  -1.493103   0.288225  -1.204878 
     6950.0000  -1.467644   0.258389  -1.209256 
     7000.0000  -1.465900   0.301197  -1.164704 
     7050.0000  -1.489401   0.307574  -1.181827 
     7100.0000  -1.457684   0.287058  -1.170627 
     7150.0000  -1.495763   0.326832  -1.168931 
     7200.0000  -1.466460   0.320387  -1.146073 
     7250.0000  -1.453625   0.296457  -1.157168 
     7300.0000  -1.472499   0.271518  -1.200981 
     7350.0000  -1.463051   0.305014  -1.158037 
     7400.0000  -1.444123   0.306517  -1.137606 
     7450.0000  -1.444650   0.371678  -1.072973 
     7500.0000  -1.469042   0.319876  -1.149166 
     7550.0000  -1.459145   0.289049  -1.170096 
     7600.0000  -1.456765   0.261174  -1.195590 
     7650.0000  -1.455627   0.311183  -1.144444 
     7700.0000  -1.484859   0.321050  -1.163808 
     7750.0000  -1.466323   0.285446  -1.180877 
     7800.0000  -1.470755   0.307551  -1.163204 
     7850.0000  -1.452556   0.296741  -1.155814 
     7900.0000  -1.411677   0.324897  -1.086779 
     7950.0000  -1.485323   0.321395  -1.163927 
     8000.0000  -1.476563   0.307755  -1.168808 
     8050.0000  -1.466697   0.335648  -1.131048 
     8100.0000  -1.463691   0.308992  -1.154699 
     8150.0000  -1.483339   0.336677  -1.146662 
     8200.0000  -1.506352   0.313046  -1.193306 
     8250.0000  -1.484422   0.315713  -1.168710 
     8300.0000  -1.469691   0.335620  -1.134071 
     8350.0000  -1.434987   0.319037  -1.115950 
     8400.0000  -1.475507   0.270636  -1.204872 
     8450.0000  -1.424233   0.275025  -1.149207 
     8500.0000  -1.399795   0.289016  -1.110779 
     8550.0000  -1.422928   0.286712  -1.136216 
     8600.0000  -1.417479   0.295322  -1.122157 
     8650.0000  -1.368149   0.257702  -1.110446 
     8700.0000  -1.380847   0.338152  -1.042695 
     8750.0000  -1.379874   0.331190  -1.048684 
     8800.0000  -1.401732   0.326582  -1.075150 
     8850.0000  -1.389526   0.296060  -1.093467 
     8900.0000  -1.426193   0.281780  -1.144413 
     8950.0000  -1.507195   0.301538  -1.205657 
     9000.0000  -1.460929   0.305474  -1.155455 
     9050.0000  -1.408040   0.277438  -1.130602 
     9100.0000  -1.438722   0.290747  -1.147975 
     9150.0000  -1.391985   0.304905  -1.087080 
     9200.0000  -1.449116   0.316409  -1.132707 
     9250.0000  -1.438549   0.284554  -1.153995 
     9300.0000  -1.458811   0.343112  -1.115699 
     9350.0000  -1.445132   0.283929  -1.161203 
     9400.0000  -1.458535   0.259038  -1.199497 
     9450.0000  -1.464546   0.266762  -1.197785 
     9500.0000  -1.467501   0.290926  -1.176575 
     9550.0000  -1.484833   0.317043  -1.167790 
     9600.0000  -1.471303   0.268528  -1.202774 
     9650.0000  -1.454051   0.321604  -1.132447 
     9700.0000  -1.434154   0.284038  -1.150116 
     9750.0000  -1.457407   0.296961  -1.160446 
     9800.0000  -1.441619   0.279914  -1.161705 
     9850.0000  -1.401517   0.262886  -1.138631 
     9900.0000  -1.439522   0.328990  -1.110532 
     9950.0000  -1.473052   0.296541  -1.176511 
    10000.0000  -1.412522   0.224436  -1.188086 
