t = 4714900000
b = 200 200 200
E = -1.24319172146357 -1.38509957121459 0.141907849751022
460.808313333853 -494.130855966724 -521.169396888014 -0.0393433970210475 0.979960192806825 -0.195269826585833 -0.616288058161802 0.130027352581274 0.776712307002224 -0.0245486674472074 0.515924949877192 0.305245318543311 0.178154037996817 -0.110260172332038 0.154561306929907
460.802094008553 -493.838569778962 -520.779824380066 -0.630687141244395 0.489806047850804 -0.601933451060254 -0.572906706446601 0.229329168921309 0.786883810702016 -0.156911715188995 -0.106993933506699 0.0705408730414161 -0.111706297944518 0.384950409126148 0.106888185544732
460.579845376313 -493.494754905647 -520.509970655512 -0.801653807268883 -0.144931001941282 -0.579953624708579 -0.596878971084945 0.247561115297332 0.763183477508503 -0.160086005036597 -0.169099637577508 -0.00730819686690313 -0.47035468498975 -0.103090267047064 -0.312287357012928
460.205548659021 -493.154953236182 -520.332571001224 -0.627344205774361 -0.554805767248593 -0.546470387390798 -0.764193374937439 0.303584020785739 0.569074066107108 -0.107538197120694 0.291111964640771 0.534145300261519 -0.1326746516689 0.210411658503133 -0.0395777937488555
459.701388677202 -492.898028409167 -520.267755152463 -0.229611485196501 -0.946293271899298 -0.227613069248088 -0.936956801808115 0.151617240543372 0.314839943802982 0.348935484948118 0.0562908807920295 -0.246735198180779 -0.412964103822222 -0.539349067464733 -0.422421027003889
459.147701111534 -492.852115797751 -520.409928144257 0.120968041379604 -0.890701629955429 0.438198045302272 -0.9659293967128 -0.00387457884013487 0.258776836338843 0.0638006018223816 0.266100803044503 -0.0134913881652574 0.172987820375796 0.133591577997057 -0.183392316611684
458.542934137743 -493.030153533842 -520.440074912861 0.428818870305885 -0.61326652288389 0.663339035985927 -0.884676827137109 -0.136392027046541 0.445807397359042 -0.21680569853935 -0.245774928312112 0.643164010359742 0.272178749631627 -0.168813786360203 -0.188300586045788
458.153365788837 -493.303618454006 -520.447639721469 0.424690431914301 0.00744221638784691 0.905308065530184 -0.899913824357002 -0.105833855610765 0.423029956144757 -0.104949284582351 -0.149149119391198 0.147007764331713 0.332326740838356 -0.371743580350607 -0.154318950654907
457.782578332578 -493.737070178207 -520.151279588503 0.370103886168649 0.538062304352539 0.757305823782776 -0.90960022619608 0.0442016959795892 0.413126744206818 0.0156871935520335 0.436850229130594 -0.496779509235604 -0.138609353989919 -0.400472613397096 0.00833944672938135
457.372446938295 -493.813920333469 -519.820877481521 0.311595875346183 0.92779552209912 0.205191865076318 -0.865283979516515 0.187813131215451 0.464768735766621 -0.0445092411074659 -0.14468917117344 -0.0155366362541403 -0.0607712280095739 0.518430664890029 -0.0511376834073501
457.152083027598 -493.62949486516 -519.339081288208 0.0960759797155835 0.887340824152477 -0.450994309303466 -0.836211616509543 0.317724989180139 0.446991159880309 0.150399800506498 0.0560717656451128 0.15087116723955 0.0870072729954978 -0.588443076610909 0.108143401278205
456.919929673296 -494.985304257695 -518.654535816974 -0.448878959272245 -0.659900700863575 0.602526996604056 -0.078455964715242 -0.642566857306034 -0.762202418449703 0.147320696798258 -0.118985637830451 -0.681374623425082 0.188800516597332 -0.261480556981751 0.246130155136977
457.040324055897 -495.562024763715 -518.874494045435 -0.866295433630073 -0.219731202023661 0.448609553311672 -0.187363718655031 -0.689567316241398 -0.699565479058864 0.105963500823055 0.389198432860424 0.279167535808778 -0.0374387293805674 0.0401816314939942 -0.173761753006718
456.991622753751 -496.081143938271 -519.061530526895 -0.938616909018096 0.328946107610566 0.103888388209111 -0.277399254207478 -0.540724300067052 -0.794145419062852 0.0215961702162243 0.119957592301604 0.466795359420669 0.229260878913749 -0.470191018773173 0.102473354321371
456.691228236766 -496.515741322787 -519.21611714956 -0.744907316386514 0.656671334352204 -0.117881142934428 -0.325750989345162 -0.512181738822171 -0.794705128661635 -0.348809385567729 -0.306820328451015 -0.149697949912347 0.207296938138233 0.315759378891967 -0.165991689945754
456.307173856301 -496.837133594561 -519.444771546397 -0.206714619930306 0.901486771383443 -0.380250907612883 -0.271415419467842 -0.426227920515538 -0.862938883945637 -0.091043243801487 0.328862480688832 -0.216444218399331 0.106658670102435 -0.133403795433034 0.141601786715197
455.907366251529 -496.944063902446 -519.797807852095 0.237074669713819 0.89067451471085 -0.387936320086269 -0.327422382575086 -0.302703064255612 -0.895078487099633 0.136607610781417 -0.313177922402597 -0.99012651290946 0.205461756040952 0.117621882616549 0.561893691782611
455.584602282261 -496.985378629371 -520.148156722237 0.771331827610931 0.520004622389507 -0.366936620270972 -0.262414093613165 -0.265406807816576 -0.9277382140823 0.0901372730105917 0.340040047206428 -0.323869924781863 0.149543692234211 -0.0213933896518936 -0.241334366942102
455.33655297207 -496.821136423826 -520.565303309712 0.9690010578731 -0.103102088262095 -0.224514909144128 -0.240475783620094 -0.185262612039144 -0.952811188513631 0.534567477116983 0.217010137446235 -0.464424167407054 -0.486935067484305 -0.0105916903712659 -0.212808043778943
455.247354246118 -496.664952573644 -521.060141485484 0.914908252070198 -0.400326746509092 -0.0517835123300686 -0.0990366829866957 -0.0982505687290654 -0.990221508385572 -0.211759971989278 -0.375832243749682 -0.0435118167705403 -0.0281056566798593 0.922163208296432 0.243519044251522
455.443309276787 -496.538964010181 -521.49762881902 0.467940866856625 -0.878797714546085 0.0935203202902183 -0.170258760541453 -0.193482557883354 -0.966217659930896 -0.0717977120545861 0.110701165668577 0.344508758135989 -0.420175591518293 -0.436827025535078 -0.6823587013544
455.816986666483 -496.615640383661 -521.924932782144 -0.157172725977773 -0.972418882712568 0.172332175998874 -0.0772495761222679 -0.161860657451263 -0.983785400304952 0.145658524023664 0.682953750090275 -0.0646448059848705 0.0440429166807175 -0.235296277533328 0.0704734928617475
455.483004150271 -497.75259439578 -521.626532897845 0.264868355824923 0.914700382540127 -0.305234508661319 0.413115156020813 0.178380601759303 0.893037679395389 -0.0521160225611735 -0.251221135530442 0.386536776526068 0.243108913965284 0.139862427338616 0.245345693797771
455.932316517968 -497.587595241991 -521.408173016078 -0.429163452027508 0.899026378178701 -0.0870082044042759 0.572527439790422 0.345274101420204 0.743638490642657 -0.443111598681129 0.400610437648023 0.0726521837069658 -0.514117501745303 -0.239023472656194 -0.586412437401255
456.307107518546 -497.266876582376 -521.171035616295 -0.862572501991624 0.495286692861811 0.103246564677451 0.309788102084323 0.355704521878784 0.881762816453399 0.100047710346818 -0.0831070233717622 0.0618657692965412 0.0990722097333316 -0.170438128194117 -0.167513347069459
456.509368365408 -496.86890679652 -520.904355041102 -0.957852905354043 0.0190330488614406 0.286628073182751 0.255582893461276 0.511952821412119 0.820110853766622 0.364818750927971 -0.182334401463068 0.0537926195803319 0.31598932095621 -0.156808920198411 -0.406504773261062
456.563494730745 -496.424869705077 -520.600745622601 -0.846378609525176 -0.393986503341806 0.358354437004169 0.0384360164252916 0.625921470482171 0.778938410241362 0.0639445800122898 -0.191889366262252 0.0965694002594199 0.281702079964639 0.0169039437446095 0.0372854971897685
456.35790435024 -495.980834833192 -520.292443376146 -0.426166415156814 -0.781552148473017 0.455585939650126 0.100052564273652 0.459797869294741 0.882369245962975 0.0899703734561873 0.129064691402985 -0.356919080897766 -0.220915757888964 -0.100560877507869 0.718720918568579
456.114749419661 -495.720962411773 -519.859610475464 0.148005887498089 -0.934357693091995 0.324145329313119 0.0302912232789014 0.331884116052166 0.942833778408871 -0.418134853984844 -0.211991681459589 -0.115276596801961 -0.200748724903675 -0.154496050868071 0.123321701407615
455.85702900029 -495.770551407775 -519.42778816971 0.812891799557555 -0.561993662640885 0.152873086839155 0.0495607169172061 0.328277198638375 0.943280394104974 0.100036859416526 0.526170087187223 0.0390852994517152 0.124531771225297 0.0928935520481402 -0.186297959315231
455.815621071418 -495.763455075804 -518.893072219149 0.951740148275126 -0.236281058571981 -0.195862244257788 0.251885645789671 0.236763700224435 0.938347833239227 0.576823267143393 -0.0413696238930021 0.177987995075404 -0.186615312597621 -0.142862037069906 0.655215202871645
456.007647542815 -495.798446033526 -518.316874877466 0.825167818892316 0.331469149438393 -0.45741265834946 0.279965951804257 0.463319761827271 0.840805528382506 0.475352748136497 0.207071777878244 -0.266050242263382 0.289461108515027 -0.139571968811613 -0.305124564007571
456.273140107864 -495.727280342974 -517.874606267895 0.386743148097238 0.642149926347908 -0.661871057210692 0.38942681888987 0.536862576494113 0.748415263734286 0.149218886442585 0.200590134444508 0.114777248280175 0.0972790614219537 -0.339616536521987 0.0419713808582727
456.658675589924 -495.570560092247 -517.614259605834 -0.19064490155568 0.81644184142798 -0.54504806740374 0.396235807984767 0.571991972545876 0.718207830151728 0.180448020795831 -0.329724638810594 0.169877051490351 0.664159450847199 0.0988590552577615 0.251414415557393
456.986862975805 -495.18868557779 -517.411157120669 -0.688133065801212 0.616951118496117 -0.381895660851215 0.299016954257296 0.720682253347058 0.62546466040098 -0.616286713946554 0.0761960223440573 0.10670389455496 -0.304706856025914 -0.271894148880025 0.313788181112515
457.189021053707 -494.694923549058 -517.269840291103 -0.984773458289022 0.164976502897761 -0.0548090755812325 0.105949319875852 0.819525852322412 0.563162668247391 -0.156700682341011 -0.441990687242536 0.332055070785532 -0.322420143358699 -0.412109021029343 0.728569959654038
457.167160844234 -494.154994309038 -517.255992827084 -0.938799779449221 -0.147452293031507 0.311308378277466 0.0437341010146806 0.845412936031955 0.532319822403856 -0.401806748691008 0.426314649747842 0.357669017564975 0.141004967388476 -0.0392510218068976 -0.26931364975128
456.978461592609 -493.616730223439 -517.176593546073 -0.531234861954898 -0.511078132699221 0.675713551751328 0.0266475779599705 0.787087323078383 0.616265880794514 0.192734172575116 0.61113219417068 -0.212303771077176 0.0164881325797663 -0.272369782067993 0.401635661890994
456.687108704304 -493.223017743349 -516.900484318953 -0.0108844401773573 -0.749599512287634 0.661802251303313 -0.287796569514546 0.636185009834624 0.715850456575725 0.633652715578473 -0.329489592371195 0.133734796377104 0.116615943368701 0.0211730295328194 0.0265128273471854
456.318075112181 -493.072511408773 -516.482465190451 0.694798318608801 -0.484704049095455 0.531335495138817 -0.26300022665375 0.516381297293017 0.814973246415978 0.392190715880315 0.0975717246963771 0.120735164016722 0.494908167217333 -0.111272862822689 -0.394720387617221
456.282397409649 -492.981647714004 -515.912569996065 0.953716605785278 -0.279132972293583 0.111845999792323 0.0177275921615969 0.423487208555658 0.905728700414444 0.0179758751301225 -0.333634209484069 0.263152719621911 -0.0290651197702294 0.242948542400807 0.234514901618313
456.301043724114 -493.147365177318 -515.421633907282 0.917166881810131 0.346901631081616 -0.196123151281573 0.0723642290611761 0.338984797627308 0.938004727923476 -0.291880413033696 -0.191678341916076 -0.256442070311866 -0.476110665239039 0.165953852513046 0.211851027882781
456.640012854584 -493.142085401778 -514.890988416496 0.491135250003032 0.685259397529016 -0.537778622615438 0.137166276210332 0.548826286964216 0.824606107657608 -0.082007108170379 0.571029158867625 -0.207962380889536 -0.381395219586436 0.353303291868492 0.236719407571947
457.051173150827 -492.971068428369 -514.551369140716 -0.068562081852898 0.850310262774852 -0.521796731021538 0.0293146417292335 0.524518744510749 0.850894151905354 -0.0963729566524164 0.326946647026216 0.437509339718751 -0.283793692542173 -0.14903464655433 0.401094578348202
456.75400793255 -492.002995104397 -515.235962532851 0.295420090984266 -0.720468963302432 0.62741661316665 0.214700430826521 -0.589863084334327 -0.77843779858766 -0.141866784048911 -0.473003126646885 0.0727153778837409 -0.455959968394137 -0.151429368338068 0.582205296803063
457.105361215795 -492.334943288984 -515.550819784868 -0.41682091078241 -0.675214920249307 0.608559937195407 0.133098262960206 -0.707611777557802 -0.693952795504319 0.239393025485252 0.30260917184455 0.0505198053352091 -0.332509876646683 0.368352814618464 -0.109626951016813
457.435481862867 -492.715402403814 -515.681486659056 -0.91280756947723 -0.323588348830634 0.249144580991446 0.0421880559075217 -0.68151700746682 -0.730585291367694 0.133194074588351 0.609689330841936 -0.180304472548094 0.0427075856335953 0.0924901264438477 -0.135869562782179
457.460157111047 -493.261671131893 -515.847941920603 -0.983351855552293 0.166265013161075 -0.0733155986970596 -0.0784999263088723 -0.752577834410347 -0.653807704946721 -0.0786224780789731 0.337542074646787 -0.128999968404659 0.273256329328204 -0.0524539839235686 0.301747623837681
457.209420697962 -493.722234400809 -515.879822072739 -0.742285654168887 0.478751766769378 -0.46883776536885 -0.21174326493591 -0.831404179135898 -0.513743169031415 -0.50972214486476 -0.415628967898841 -0.11955700966365 -0.20057539696739 0.128298534359339 -0.288591302183857
456.84901420124 -494.088366252117 -516.065260869774 -0.253257585476062 0.677601933084052 -0.690446466401122 -0.257247416857277 -0.735189018693239 -0.627153076937238 0.233023502214737 -0.31334041806277 -0.353355281000407 0.280900672066855 0.207266823178693 -0.342314394054428
456.467301822164 -494.281690954597 -516.362598150206 0.390447010319107 0.586359404569325 -0.709742109692434 -0.340951507642891 -0.624017533519738 -0.703103315060659 -0.343341861345181 -0.211003722064182 0.0773609800236072 -0.207576423550999 0.450528455243973 -0.199307020367293
456.072680327351 -494.421955527131 -516.74919296142 0.889331602456535 0.2308995117445 -0.394683116843602 -0.183926919187886 -0.609604552700855 -0.771072800666497 -0.292889250572011 -0.0886826357018049 0.390459182767582 -0.864585952944494 0.133878194392809 -0.0060700297813957
456.034718176754 -494.425263004804 -517.361006153029 0.981133166072255 -0.186593744881022 0.0506026072259882 -0.0870074713552031 -0.659888707765349 -0.746308790987217 -0.140744972789613 0.539678632448326 -0.0079545770268983 0.0518982660126986 -0.37524817130879 -0.13453726857972
456.241935514322 -494.382884596709 -517.845192419906 0.627039633384288 -0.684964943234658 0.371004636668524 -0.0494682594080578 -0.51031699689417 -0.858562478869465 0.148372806052972 -0.841545601779357 0.571241528010857 0.122605276532006 0.234351959021942 0.0346222424235972
456.54656884332 -494.584682768773 -518.307407230091 -0.072812955362241 -0.8177088090208 0.571008549868405 0.011016240597364 -0.57315275963457 -0.819374587233845 -0.262955439537279 -0.192733161421639 0.163844747567211 0.0532674854736028 -0.560321593055612 -0.785647232430405
456.89420972469 -493.349120818441 -519.000619989819 0.06625633455975 0.681418407994815 -0.728889056209382 -0.431293313272399 0.678286411298711 0.594906561857747 -0.39889813391178 -0.482459544750648 0.0813759906759634 0.359953053459986 -0.1943124035224 0.0800090362742435
456.953122588415 -492.833432722702 -518.734110480037 -0.52086731734629 0.159117107072877 -0.838676977108275 -0.577009859322488 0.658412232959393 0.483273311655108 0.436520738092584 -0.190473421751477 -0.027664485812279 -0.107354653750116 0.241919124169392 -0.310690520170725
456.79995704396 -492.324597777072 -518.629931022411 -0.767189331101241 -0.388026756534933 -0.510740541763634 -0.610314338991193 0.686563106706536 0.395155255365602 -0.171173488924306 0.355422353092449 -0.0034359771580366 -0.302616210379259 -0.019464986706577 -0.631149497467235
456.401975660583 -491.908754828538 -518.677033569081 -0.672369435812752 -0.711426706250851 -0.204429866761524 -0.712680101931417 0.547553428079401 0.438488855239213 0.113855039125754 0.272827348352842 -0.370848820312967 -0.15931546234879 -0.249319968724829 -0.704641026500443
456.034659704017 -491.522111957146 -518.768136069432 -0.483080479143392 -0.839782677551571 0.24778696557125 -0.749412143034512 0.542916469001661 0.378976511734866 -0.241434225474627 0.289760200709136 0.121952308134069 0.739361339647875 -0.362764550621145 -0.555700552905718
455.550694147649 -491.443734697564 -518.869600446817 -0.14686825127863 -0.636678421699926 0.757014140745054 -0.761665712496936 0.561080740845602 0.324120062179622 -0.13609518769186 0.593955378022609 -0.376033616342216 -0.169656136767148 -0.0518012589419602 0.48611161590431
454.923886754474 -491.439520259421 -518.726518905997 0.171455550337358 -0.412199489713661 0.894815435204525 -0.809614152610569 0.458578168895411 0.366375575578126 0.373932038945268 0.412933618364206 -0.37171271740369 0.0651265259266976 0.453741807423211 0.404684692660198
454.448518632842 -491.523659574493 -518.727503876346 0.354104413183968 0.0957916632539216 0.930287126483831 -0.869477281614058 0.400057830147739 0.289763827911007 0.0884812038624271 0.302911455752336 -0.0143766825625409 0.325483779768632 -0.0410493425266348 0.336442236940864
454.017443330423 -491.653621797358 -518.333475853716 0.502007976884132 0.61184165185468 0.611259276921506 -0.864855574872184 0.358074793514426 0.351862713902729 -0.0715941173187829 0.01258384580166 -0.336613109676291 0.156039533365877 0.0991111714208347 -0.255238258596524
453.710501255399 -491.667697937854 -517.913248198878 0.443888402057673 0.895995806433707 -0.0124384375475837 -0.815356435586514 0.409618582675841 0.409153467512558 0.259188053334932 0.0121658274027929 0.0403690447664151 0.133317657976551 -0.0418660961138154 -0.0903188266418946
453.52135953227 -491.35783130549 -517.465407774939 0.19402884082643 0.658084905063658 -0.727514357247141 -0.837422724322153 0.497381159133376 0.226572658192195 0.133295018288612 0.638176519752839 -0.254048086229416 -0.532542387398907 0.0929326101813177 0.493077326974445
453.329707729063 -490.954157134756 -517.297617152101 -0.375085752757005 -0.0702215446458342 -0.924326629139983 -0.876436220564983 0.351653503959167 0.328936860662404 -0.259732155657264 -0.167743855675268 -0.526694072171756 -0.27500194100623 0.456754822019049 -0.375157489933682
452.996915998118 -490.577567747423 -517.359476431125 -0.438988235469215 -0.854193963271806 -0.278643332381864 -0.808762762568759 0.240570950274333 0.536682844915636 0.0372318831036336 0.390928266282005 -0.201985757091756 0.200043987827815 -0.41985534250295 0.227239271732725
452.516245528727 -490.551449796614 -517.284515072065 0.118322923617196 -0.870837360592886 0.47711857801758 -0.700414487279958 0.267397739263294 0.661753794471597 0.0991655573660733 0.145714952939408 -0.126779446482642 -0.386859790697557 0.188693986799576 0.0698160237325363
452.064509041643 -490.677609075489 -517.148962680774 0.580201112440744 -0.182616209713687 0.793736730493778 -0.790229465607715 0.109787636165599 0.602896403176614 0.361514780112222 0.346264944548313 -0.2385124981142 -0.420442208160987 0.213154082613964 -0.13700382796657
450.844268403 -490.353877295558 -517.430739097612 -0.17624872722663 -0.842941870430039 0.508316353526824 -0.541134748989668 0.514339880966123 0.665302760980994 -0.0700857115051047 0.488782979454127 -0.250197116437959 0.446756391905022 0.0436036894367449 0.938729571053284
450.825709224495 -489.388733266848 -516.404835210447 -0.370241245843739 -0.446327657842451 0.814685911856838 0.89043678285535 -0.420382182376936 0.174359520842746 0.284265765456007 -0.0569538008289536 0.029086518304049 -0.136403899223165 0.402948166373987 0.137294940358287
451.205824292746 -489.412340197041 -516.07617124676 -0.558800090700007 -0.826237086119883 0.071237844884753 0.813922271157479 -0.529942467774263 0.238099976107094 0.181147867035157 -0.0254366866407501 -0.037526426129308 0.0209129466530178 0.206598717358477 0.172453257831673
451.423317185631 -489.692834621917 -515.830096432378 -0.0111459622955365 -0.592399624299058 -0.805567195442792 0.796374964081193 -0.492446458667284 0.351117465066319 -0.310950480860247 -0.0589321680770023 0.205429241257054 -0.442179285016804 -0.155969047379 -0.152529785625154
451.629847830486 -490.077879652441 -515.694920045376 0.441357780396139 0.0874863032563133 -0.893056251233408 0.778835115995317 -0.531640607371888 0.332827488536681 0.288135048864293 -0.354297682274073 -0.293855705063974 -0.335680274445587 -0.304577103871245 -0.228799755459489
451.929228906687 -490.49506710056 -515.716679306884 0.592351325191711 0.550094213349247 -0.588656374008537 0.736180061937801 -0.666411488393778 0.118045363227291 0.32681928538742 0.204222795412048 -0.200140674570438 -0.325632614844104 0.609886348550755 0.0549512077301084
453.831416394469 -490.49873698838 -518.310693940792 -0.200012413239161 -0.631834645514271 0.748852504545463 0.974040152739627 -0.21092757315621 0.0821908011528654 -0.0801070361719551 -0.133850724758238 0.0812455388262535 -0.168897876044785 0.432107612578851 0.0992612506306345
454.225784907263 -490.585959127873 -517.942367265949 -0.420754256481467 -0.906512940142164 0.0346456944999756 0.902248600605022 -0.414189637957191 0.119977265969554 -0.181886458206046 0.137768464212843 0.174381709230646 -0.112536303445904 -0.700674148392897 0.110023611447577
454.619437445502 -490.88318826232 -517.656941280472 -0.461986412706206 -0.70218880923918 -0.5417560604916 0.808745857184142 -0.584259017475065 0.0676143512756097 -0.245431366386795 0.451133772248112 -0.0308471890987781 0.325628673520936 -0.150080508985084 0.289060986925549
454.89958175295 -491.368539969121 -517.564852062244 -0.386257087408473 -0.129697312486909 -0.913227335948636 0.707595541611862 -0.676780646080841 -0.203166475025974 0.133330211763457 -0.549937774093785 -0.198986370336924 0.057621964327257 0.0338915743122035 0.224678874992076
455.05235388726 -491.86264018335 -517.661383620348 -0.0305347547516405 0.461508429215061 -0.886610224629435 0.741879259354288 -0.583975081997779 -0.329527545469074 -0.574965776753375 0.226348937753812 -0.150181560100053 -0.110183397224937 0.155020804836707 -0.0768082403375351
455.227867151933 -492.24958366555 -517.933229140088 0.378777945969084 0.662299750308693 -0.646441324639596 0.630088188196673 -0.696152956372031 -0.344034925348182 0.146447759556345 0.38786589844419 0.56389018156707 0.129364674656753 -0.172517318668841 -0.698265259258262
455.421886213586 -492.576739649206 -518.301353702105 0.466531530618006 0.826051049774782 -0.316208931119908 0.601960598886959 -0.558456726125988 -0.57076229510694 -0.259751952074576 0.0545300897595166 0.121978855011633 -0.174438246453067 -0.190919706482119 -0.533384225995895
455.543989059109 -492.696073979047 -518.821275473424 0.814179160472755 0.56987483846539 0.111153596018978 0.46702598580021 -0.529043040171276 -0.708519804669766 0.130752114016918 0.0636331494244962 -0.105180932258444 -0.352323817474788 -0.12017312426706 -0.677771276747081
455.867844927388 -492.781887348875 -519.326772912592 0.719070787122274 0.288356220160895 0.632287930136752 0.667106811014281 -0.541325820361051 -0.511795876077683 0.230790938943026 0.22975205767605 0.150753030641921 0.242661492518999 -0.189239901085024 0.424204008500094
456.306164974182 -492.658569279955 -519.696577286425 0.528305506852513 -0.136885990137322 0.837947229387875 0.766347850958068 -0.347992383661008 -0.540011409998501 0.27912814391951 -0.109723453709904 0.250799199249982 0.015660132598073 0.182288205481213 0.0377112879731438
456.841222648613 -492.577847456993 -519.871866882783 0.119781189162401 -0.578466740033817 0.806863588346623 0.731488060179731 -0.498069573763581 -0.465673735139944 0.0556706677547936 0.336105673138747 0.0108015377378893 -0.598076062350017 0.473425449977466 -0.152463606549614
457.393213928052 -492.573063834997 -519.841344892804 -0.252847684332881 -0.845855737745661 0.469676790142848 0.922371726735328 -0.357285411016277 -0.146893197602961 -0.121019561418799 0.0786967520554114 0.0841364830896991 -0.119857691017788 0.455326039865807 -0.0148761511505073
457.826774209631 -492.709300138401 -519.557653552489 -0.409917358423224 -0.89109130210271 -0.194741429947834 0.895929517693641 -0.353304073830193 -0.26923343249578 -0.0786831840878145 -0.421113634107052 0.539749370530428 0.167669470009916 -0.412279944543111 0.212614718075965
458.162456443011 -492.992938003092 -519.292585805841 -0.255804205915671 -0.496092318268108 -0.829732941859313 0.966182054230582 -0.102337511794169 -0.236684095888389 0.251846741535982 0.0491730900840208 0.0642351160952687 -0.115310807493702 0.102637499990973 0.0233074206787429
458.592614413995 -493.3688432145 -519.343862502561 -0.297476303007848 0.0096919528385799 -0.95468003285799 0.950956510641072 -0.0857996930210479 -0.297187104421472 0.216886887991645 -0.488530842955997 0.594510083448105 -0.0743209987154831 0.326822216669834 -0.0308872541168486
458.975362175165 -493.67610521706 -519.569878694265 -0.297254226131666 0.57447168050341 -0.762641680612316 0.861889833673265 -0.182243618237471 -0.473215901531766 -0.20268117205885 -0.106777266394742 -0.0214165479048009 0.143178042216819 0.137616286626891 0.142813785162016
459.169976760027 -493.961517021072 -520.01072210587 0.0690431447144783 0.902066258595735 -0.426039412606943 0.863147914818436 -0.268144988490401 -0.427871435123001 -0.52932907412784 -0.180051168463667 0.31299958322744 0.332032489544788 -0.00957637078576717 0.373716296460712
459.361492161378 -494.040971225414 -520.45926293338 0.322083842321729 0.92988548073161 0.177693805079836 0.783091256012484 -0.156207153425284 -0.601969655833093 0.112104381403989 -0.271458188119386 -0.0467806862734558 0.0245042231571657 0.339707140282203 0.0298162452733455
459.605065927052 -493.941540888857 -520.911352171991 0.380887028734615 0.786407244668599 0.486301257766488 0.718916727267597 0.078861934220384 -0.690608180920814 0.199725709729674 -0.0495279232019313 -0.377485442345671 -0.0421309903850664 -0.0919637721827836 0.0163577989917395
459.714778308929 -493.649981178864 -521.260789151583 0.727459052050788 0.191520261943366 0.658880359861173 0.661802862599792 0.057690218437168 -0.747454899272827 -0.180953929601846 -0.198358511634844 0.0708329285019521 0.17790814675018 0.309749536050765 -0.173211252453109
460.01399229636 -493.316956822542 -521.510395039031 0.686914572902649 -0.418708324486092 0.593996425298221 0.709158478874755 0.207502532142169 -0.673822669960594 0.803220755554583 0.537189306059383 -0.294583833004981 0.401901075461208 0.0658437103286238 -0.0932400751925328
460.454883735265 -493.046274990043 -521.53376568287 0.376928417538947 -0.922991537962462 -0.0775354945939883 0.660134181983623 0.326414187413694 -0.676518101610248 0.521902890183842 -0.424091694085387 0.0445703662816252 -0.103811841735178 0.0211435008271132 -0.191029667778244
